<?xml version="1.0"?>
<opencv_storage>
<desc type_id="opencv-matrix">
  <rows>150</rows>
  <cols>32</cols>
  <dt>u</dt>
  <data>
    122 0 0 67 253 60 24 1 28 1 248 0 0 100 0 0 34 0 2 47 123 114 77 159
    220 128 39 127 202 66 30 7 30 0 193 248 244 254 70 7 254 7 251 130
    63 28 3 0 50 128 16 47 123 127 111 187 220 152 95 255 242 110 110
    255 126 0 193 243 252 126 94 135 254 15 251 128 41 28 2 0 50 0 16
    127 251 126 79 179 220 128 95 255 246 239 30 63 122 0 1 195 253 124
    30 1 156 3 248 0 8 36 0 0 34 0 2 47 123 115 77 159 244 128 127 127
    238 194 30 7 5 6 15 240 6 96 7 224 31 252 6 67 224 35 120 70 67 225
    3 159 11 192 75 157 30 155 119 159 228 214 225 193 126 6 129 112 240
    120 31 239 220 127 251 154 254 93 224 0 98 129 116 31 123 121 239
    191 252 154 127 127 254 111 30 207 14 6 12 0 128 56 23 254 255 241
    132 15 123 219 99 134 73 70 189 155 59 89 223 247 252 131 188 0 20
    16 67 54 30 0 195 240 240 126 30 129 220 63 251 186 63 148 3 0 115
    128 4 47 123 127 253 251 248 154 95 255 226 111 110 255 0 192 15 248
    7 248 30 23 220 0 159 191 202 156 0 81 130 0 84 111 11 243 245 159
    167 186 127 31 229 235 224 7 1 128 127 240 253 120 126 1 144 7 251
    128 128 36 0 0 178 0 0 111 59 112 75 143 158 136 127 255 238 226 106
    63 30 6 129 240 240 120 71 229 249 255 251 175 250 221 32 0 98 128
    60 159 59 112 75 191 220 136 119 127 246 239 111 223 31 95 254 112 0
    82 247 255 248 255 132 233 127 221 175 130 105 213 124 31 27 255 179
    243 223 25 127 0 22 25 226 254 13 23 254 240 4 80 247 255 254 127
    132 186 127 221 175 2 105 212 124 31 27 253 243 255 222 152 127 0 22
    25 238 191 193 128 56 63 255 240 199 112 33 240 59 255 241 227 96 24
    13 72 37 159 4 195 243 133 39 63 112 2 41 233 17 38 15 15 28 0 0 0 7
    224 99 254 8 3 127 251 248 14 76 48 175 159 248 128 51 137 216 25 65
    0 59 22 195 184 6 63 255 240 1 252 7 247 223 63 22 106 218 228 63 96
    122 128 113 191 123 115 237 191 224 152 127 63 180 255 234 167 1 128
    57 127 223 253 7 48 97 226 27 191 223 219 70 56 13 127 191 158 5 129
    252 92 99 191 240 0 41 253 145 16 1 128 14 224 0 192 7 240 31 224 4
    126 130 99 1 194 77 1 1 159 11 64 243 139 134 188 247 159 236 217
    225 194 1 248 62 64 0 0 4 6 31 32 4 107 128 44 197 254 141 112 3 239
    27 64 3 143 19 8 127 255 252 145 224 12 0 0 207 240 21 254 6 7 223
    13 251 187 255 236 0 0 162 128 20 127 123 123 253 251 253 154 127 63
    182 239 234 63 5 134 95 240 6 0 7 224 29 252 6 71 192 3 120 70 67
    225 3 159 10 192 251 157 26 171 247 223 229 208 225 225 1 128 56 63
    223 241 199 112 35 206 59 255 253 195 80 24 13 88 173 159 4 195 243
    4 39 63 112 2 33 233 17 38 1 191 255 240 1 254 7 247 223 63 150 106
    219 228 127 224 122 136 112 191 123 115 205 191 224 152 127 127 180
    255 234 231 1 191 63 127 159 252 3 126 223 28 23 129 242 239 255 239
    93 127 195 127 25 65 239 156 110 159 127 0 29 84 210 248 28 0 32 4 0
    0 19 174 14 113 196 96 7 228 239 246 109 127 250 176 0 128 16 74 16
    116 129 255 218 152 197 126 6 192 15 248 7 255 199 255 223 0 7 127
    250 237 128 23 130 0 92 126 75 255 245 191 239 186 95 15 52 251 224
    7 29 6 32 0 0 1 255 255 8 120 132 9 47 172 107 198 124 127 178 144
    234 4 19 10 26 73 2 254 194 145 197 254 62 0 128 0 0 31 135 252 239
    255 224 105 255 219 2 0 34 0 63 158 251 61 156 124 248 129 31 255 54
    26 238 255 28 132 0 4 0 7 247 253 225 241 132 104 32 27 97 214 65
    254 37 152 248 190 16 92 21 73 152 254 58 16 199 42 5 63 255 240 1
    254 7 255 223 63 151 107 218 132 191 32 114 128 1 63 123 115 205 191
    224 152 127 127 180 255 234 231 30 7 192 128 1 255 71 248 231 255
    224 0 63 211 106 2 98 1 253 159 251 115 76 191 165 128 60 63 54 64
    111 254 127 63 252 0 0 0 8 202 110 62 4 109 32 198 248 111 65 125
    205 96 2 0 18 118 88 73 133 253 218 144 205 236 1 15 127 228 3 64 7
    192 29 220 4 122 224 35 120 8 64 5 35 159 11 192 11 159 23 120 49
    159 226 216 225 240 1 248 63 240 152 16 7 122 31 224 23 120 2 99 53
    240 157 248 11 159 127 0 143 155 248 137 127 6 62 28 211 228 28 4 0
    0 0 3 251 255 8 113 228 95 0 60 99 214 115 252 50 144 232 44 19 12
    30 66 130 254 203 144 5 58 1 253 62 96 4 120 29 127 29 136 4 74 0 99
    16 227 157 235 222 127 27 118 3 143 30 136 127 255 206 16 226 196 30
    6 192 192 96 120 15 193 30 127 224 0 250 96 2 3 114 128 0 175 59 96
    111 159 16 138 127 63 172 64 111 255 0 0 127 240 3 248 7 128 31 223
    6 108 128 98 30 8 28 47 62 159 27 103 3 143 23 104 183 31 239 208
    225 241 13 22 32 0 0 0 27 238 110 124 4 11 32 6 255 230 92 127 255
    176 10 0 2 119 26 11 96 255 202 1 229 250 5 31 255 240 16 248 127
    255 214 30 22 106 232 28 155 15 127 148 64 127 59 115 107 159 158
    152 127 127 254 222 226 191 186 0 192 6 0 6 7 185 31 195 128 195 255
    227 31 240 128 3 207 92 248 144 12 185 240 193 31 255 50 40 70 222 1
    249 255 62 0 192 4 26 31 130 7 127 192 35 159 253 157 124 3 111 10
    64 251 159 158 188 127 3 60 254 224 32 1 255 31 248 7 252 7 248 247
    254 0 0 217 227 252 110 68 56 47 159 27 121 239 183 235 190 127 14
    57 192 224 232 1 134 62 120 135 224 7 250 31 248 7 255 254 227 224
    66 93 1 254 95 11 0 34 12 19 30 125 15 62 220 224 129 1 236 63 255
    158 124 7 248 31 240 7 242 30 35 96 198 93 121 171 159 196 128 76
    139 0 148 93 6 40 217 83 192 220 132 0 0 0 3 255 255 128 112 224 71
    32 60 225 86 123 252 178 144 234 60 3 10 30 65 154 254 91 144 13 46
    1 255 127 252 7 254 7 248 47 206 6 127 255 235 254 61 157 0 254 95
    59 95 244 116 239 124 255 14 60 94 224 144 22 0 0 7 0 7 7 185 31 199
    128 0 62 99 15 16 128 63 202 92 252 128 12 27 0 193 159 255 62 98 2
    90 30 6 129 240 240 120 7 224 255 255 251 162 107 210 32 0 114 128
    28 159 59 112 107 191 220 152 127 127 246 111 111 223 1 224 119 224
    48 0 6 58 31 224 246 126 32 99 225 252 187 219 235 223 27 64 17 156
    16 8 127 3 62 30 237 71 30 0 199 240 244 116 95 255 220 3 251 187
    235 20 3 0 114 128 0 127 123 124 203 187 220 138 95 255 166 239 106
    15 249 253 240 156 32 128 0 48 15 192 224 224 158 227 5 247 182 255
    239 164 162 0 108 28 32 124 208 243 249 249 188 201 225 205 57 128
    112 1 4 16 7 200 120 68 17 130 1 1 156 79 175 132 228 0 4 68 0 99
    144 247 227 70 157 22 30 0 195 240 244 116 87 255 255 7 251 187 171
    16 3 0 50 128 0 127 123 124 203 179 216 138 95 255 182 175 110 31 1
    232 31 248 4 64 8 0 28 32 6 127 174 98 0 195 190 224 11 175 11 192
    51 139 19 24 103 15 206 222 225 1 1 196 127 252 3 248 7 120 31 240 6
    127 254 227 224 70 82 224 126 159 27 67 253 156 239 120 255 31 184
    254 226 13 1 128 63 127 159 239 6 0 15 206 7 133 150 227 82 56 77 63
    239 142 5 130 12 28 35 67 145 143 237 232 96 34 225 0 57 128 112 1 6
    0 103 142 56 92 23 195 90 60 29 255 175 204 166 0 4 100 0 102 144
    255 239 150 157 3 1 224 127 240 0 0 4 58 31 225 244 121 0 99 195 255
    187 255 171 191 27 64 13 157 128 73 191 3 60 156 237 70 129 160 63
    192 248 1 7 0 15 198 26 112 158 227 254 124 77 63 235 206 196 128
    116 94 32 117 208 239 248 213 17 192 14 2 135 224 245 127 215 255
    255 255 250 73 255 223 226 0 98 0 5 159 251 127 205 253 252 129 63
    30 54 2 106 191 1 241 255 180 0 128 4 26 31 131 134 127 242 99 79
    253 169 127 251 255 10 192 111 157 128 105 191 3 60 248 226 18 14
    246 46 28 1 239 199 252 231 243 4 127 255 235 247 255 125 3 254 159
    59 127 240 116 255 126 221 30 61 28 224 2 255 127 220 4 0 0 24 206
    14 63 128 28 0 36 248 15 67 241 218 96 4 0 16 76 16 66 129 253 206
    129 93 142 6 0 15 240 20 124 94 3 156 1 251 191 203 20 0 0 50 128 4
    111 123 116 203 155 158 154 127 127 228 239 234 15 1 253 127 248 61
    240 0 0 31 0 23 127 255 226 3 247 189 200 11 175 3 64 107 155 155
    152 127 7 190 222 249 7 1 255 255 254 15 253 7 255 223 248 6 119 222
    235 255 239 255 239 252 94 139 9 252 124 232 181 222 6 61 220 225
    225 6 247 254 30 1 239 135 252 103 247 6 127 255 235 255 191 124 14
