<?xml version="1.0"?>
<opencv_storage>
<desc type_id="opencv-matrix">
  <rows>150</rows>
  <cols>32</cols>
  <dt>u</dt>
  <data>
    5 255 255 144 0 2 7 254 223 242 6 111 130 235 226 63 223 158 30 95
    123 0 0 31 17 72 31 4 63 222 225 71 253 255 255 27 188 116 31 255
    221 252 23 96 218 255 255 255 253 255 255 252 252 16 204 189 224 132
    94 0 60 92 223 189 1 253 127 142 7 15 135 123 15 248 4 120 4 227 61
    227 157 1 3 158 198 130 4 124 1 100 156 6 58 16 225 224 254 7 192
    192 240 21 135 255 255 223 248 66 191 239 190 9 98 4 254 92 253 16
    12 127 160 130 28 255 254 194 30 191 1 224 30 12 0 15 135 248 47 192
    4 127 240 227 64 127 141 40 62 158 250 30 98 100 20 118 220 14 57
    220 227 0 30 0 192 224 240 240 120 0 16 15 248 64 0 100 0 0 2 0 0
    111 59 96 251 143 30 152 103 255 206 226 110 63 254 23 192 192 240
    21 7 255 223 255 224 0 63 237 254 0 98 1 124 28 255 0 12 127 160 130
    28 255 254 192 30 255 1 196 14 0 1 0 7 242 31 240 132 110 4 98 96 66
    65 0 3 159 27 67 16 30 39 104 191 31 250 144 225 193 1 132 63 240 92
    240 7 253 221 248 63 71 255 253 225 198 126 0 60 159 11 217 251 252
    232 137 127 0 57 130 225 247 65 128 59 191 253 255 7 80 103 204 59
    255 221 67 24 200 157 115 239 223 251 63 252 112 236 190 93 0 40 255
    155 24 30 2 193 240 241 248 122 129 176 31 251 186 32 16 2 0 98 0 0
    15 59 127 243 167 223 154 103 63 230 239 108 255 30 0 129 240 1 248
    94 1 220 7 251 191 136 20 2 0 50 0 0 47 59 123 243 191 223 154 127
    255 228 227 236 63 4 3 28 23 1 63 7 255 223 246 4 64 30 235 0 2 66 9
    47 159 251 67 12 159 32 128 63 127 58 96 211 196 1 249 255 240 52
    240 120 0 16 7 251 138 0 100 2 0 178 0 2 39 11 96 179 143 31 152 99
    191 206 162 232 31 6 0 8 18 0 31 7 255 159 248 0 2 170 227 112 64 68
    56 15 158 250 20 12 63 144 128 31 255 62 192 227 224 12 7 28 48 0 0
    55 248 97 254 9 235 255 147 224 6 76 54 45 153 251 8 139 64 88 153
    97 0 2 63 98 120 1 255 126 158 6 14 7 96 31 248 4 120 126 226 32 66
    13 0 1 159 100 148 12 127 128 195 31 7 46 16 227 229 14 15 28 48 0
    16 51 248 97 254 8 227 255 147 224 6 76 54 45 145 251 9 147 192 120
    153 96 0 2 63 226 120 4 132 12 0 0 0 7 251 31 241 132 75 0 99 240
    246 64 40 3 159 59 99 147 140 94 25 127 63 186 18 227 161 63 63 0 0
    64 0 135 254 103 252 48 74 63 239 253 255 93 33 255 240 187 0 3 39
    16 138 88 252 122 16 133 200 18 0 197 240 241 240 30 7 220 3 249 191
    250 156 0 1 162 128 4 111 59 115 243 191 255 154 127 191 230 239 108
    15 127 255 246 192 32 31 87 255 255 247 224 0 127 255 255 247 178
    149 126 92 251 24 76 255 248 136 30 48 62 64 110 255 1 252 58 75 142
    16 7 96 15 240 4 183 247 194 97 194 29 67 12 159 12 129 220 68 104
    149 113 0 33 161 67 196 1 255 126 158 6 14 7 96 31 248 4 120 126 226
    32 2 13 128 1 159 108 148 12 127 128 67 31 7 46 16 227 229 30 127
    248 0 0 64 119 255 241 255 4 122 56 251 254 255 221 47 255 223 59
    116 35 189 158 120 127 24 30 208 229 208 1 4 89 240 0 120 7 255 223
    28 122 111 106 237 192 8 66 128 92 127 123 127 179 191 222 152 127
    63 182 38 238 7 15 255 140 192 1 254 23 255 159 248 8 64 255 107 240
    207 68 40 59 159 123 115 108 185 224 137 159 28 63 224 227 192 193
    248 127 248 116 64 56 0 16 0 63 127 128 34 7 240 191 224 3 47 3 225
    179 143 31 24 103 3 142 167 236 13 6 7 8 64 0 20 71 255 159 254 0 1
    250 107 40 2 76 0 11 158 251 48 239 153 216 137 95 255 62 195 99 240
    12 150 32 0 0 0 51 254 28 240 4 111 0 236 111 246 125 255 59 144 0
    128 16 116 249 120 128 255 198 16 197 254 1 192 63 57 128 198 7 63
    223 128 7 255 218 96 1 217 157 224 3 127 100 148 112 63 0 62 95 7 60
    221 195 0 30 1 193 240 244 120 127 255 240 15 251 155 232 20 2 0 162
    0 0 127 59 124 75 167 158 138 127 127 238 227 110 63 1 140 27 63 14
    0 7 241 31 248 31 255 254 235 96 194 93 161 12 159 4 128 15 157 16
    136 62 6 60 62 129 225 6 0 15 63 1 224 0 0 31 6 23 127 219 226 2 1
    221 0 14 111 11 64 115 141 7 120 101 159 213 252 192 63 127 255 246
    128 32 31 119 255 255 255 224 10 63 255 255 143 242 4 254 88 251 24
    12 255 240 128 30 48 62 208 62 191 1 252 32 27 192 0 6 96 28 120 53
    248 44 2 253 238 29 255 187 159 24 80 3 179 144 136 103 0 34 93 1
    224 30 6 0 0 0 31 247 255 252 127 0 31 232 93 248 6 65 1 252 156 250
    124 79 191 216 134 31 126 61 208 70 223 129 240 126 255 47 254 4 57
    29 224 5 191 254 35 247 255 189 123 3 223 107 191 252 120 111 247
    215 0 41 233 109 64 126 255 242 128 32 28 220 255 223 227 228 2 127
    255 255 255 187 221 188 252 251 24 79 255 216 136 94 16 62 64 239
    239 3 92 239 224 5 254 7 224 31 249 134 111 255 227 43 128 59 209 13
    31 123 63 236 126 127 137 95 31 190 254 225 255 1 144 127 204 3 254
    7 120 31 222 6 127 191 99 14 128 29 247 47 159 59 31 244 114 239 124
    255 7 58 156 227 249 58 16 0 6 0 23 199 153 231 135 136 105 255 227
    30 176 132 33 202 94 248 28 12 116 96 129 28 255 56 63 7 152 255 79
    244 30 0 2 25 230 30 61 128 184 6 100 224 6 64 126 50 161 228 128 4
    76 96 68 133 253 218 185 71 42 6 0 207 240 245 240 126 1 176 7 251
    139 224 20 2 0 162 0 0 111 27 124 35 167 159 152 127 191 238 227 104
    31 5 14 28 16 0 16 7 224 32 124 8 107 255 20 120 14 76 32 163 159
    122 0 75 1 16 137 97 4 34 111 227 184 62 51 230 0 0 62 27 190 255
    135 196 73 251 255 255 255 243 255 237 103 251 24 140 127 248 137 95
    24 30 16 239 127 1 208 62 112 0 192 7 252 223 226 4 127 15 251 239
    254 93 255 255 159 11 3 48 127 35 122 124 0 62 156 225 112 6 31 191
    248 3 255 135 252 239 223 6 107 255 235 126 8 29 128 14 159 123 127
    240 126 255 120 95 14 62 126 227 255 251 252 224 4 32 4 8 58 31 193
    224 48 15 162 5 247 182 176 227 32 228 0 76 2 0 119 149 241 193 193
    28 169 248 16 224 4 0 3 255 255 152 227 196 252 4 125 15 240 40 127
    113 152 232 166 16 140 1 118 146 254 202 153 70 114 251 252 192 132
    32 0 8 58 31 193 224 48 5 163 5 247 182 176 195 32 98 0 12 6 0 119
    145 241 193 193 28 169 1 251 126 120 1 224 7 253 223 222 6 127 187
    251 127 248 157 111 255 223 11 16 48 255 243 58 127 0 63 156 225 208
    156 0 32 30 0 1 59 255 28 97 196 254 6 108 111 246 109 127 122 144
    136 128 4 12 33 116 128 254 200 153 68 122 30 31 188 0 0 3 247 229
    224 126 4 71 255 220 191 128 76 63 252 24 251 124 3 191 144 91 0 28
    29 16 227 248 1 148 111 240 0 192 7 0 31 112 134 127 254 98 253 226
    127 129 138 175 27 65 253 156 104 184 255 31 186 158 225 241 15 31
    28 0 0 15 199 225 224 252 0 78 107 220 124 130 76 63 188 156 251 62
    10 127 220 74 16 28 52 16 227 240 30 3 193 240 244 127 247 255 255
    255 251 130 40 25 2 0 98 128 0 30 251 126 77 191 220 152 94 255 54
    198 111 255 1 196 63 62 7 204 7 121 159 240 7 250 219 35 97 194 93
    99 43 159 8 240 77 187 160 248 127 6 60 253 225 192 255 127 252 4 0
    2 8 194 62 63 128 111 39 228 248 111 65 249 154 96 100 136 20 116
    240 65 133 253 215 16 221 236 62 1 0 7 0 31 7 130 31 15 8 64 20 224
    14 0 4 63 218 94 248 28 12 116 96 197 31 127 56 102 19 240 5 182 127
    192 0 0 247 253 137 242 4 110 2 121 124 254 76 32 63 155 11 102 19
    14 23 72 50 14 46 24 225 160 193 248 59 197 255 12 6 0 31 248 120
    126 154 35 232 200 159 231 139 143 69 128 76 153 0 198 157 239 247
    193 57 25 62 63 247 192 32 31 215 255 223 255 218 0 14 235 255 15 98
    65 11 188 251 52 12 31 0 128 30 255 54 192 239 254 6 6 14 56 128 124
    7 252 255 254 7 250 255 255 248 6 77 1 126 159 251 24 111 255 216
    152 113 12 62 127 194 255 65 209 255 240 53 248 24 63 156 3 247 123
    120 252 135 147 191 254 212 127 27 99 251 157 158 152 111 0 26 30
    238 63 193 136 59 231 255 124 4 0 30 56 63 0 30 102 136 128 31 227
    251 79 5 128 76 136 0 134 5 231 233 198 56 153 6 6 14 64 0 7 199 248
    227 252 4 64 3 219 120 6 65 33 255 156 251 132 2 63 22 136 88 12 52
    208 226 201 220 132 0 0 0 7 255 255 224 241 224 95 32 29 97 86 115
    252 58 152 248 60 19 76 30 70 154 254 123 16 7 46 255 127 244 4 32 0
