<?xml version="1.0"?>
<opencv_storage>
<desc type_id="opencv-matrix">
  <rows>150</rows>
  <cols>32</cols>
  <dt>u</dt>
  <data>
    14 6 206 62 7 254 23 255 159 253 132 23 203 227 243 14 65 0 255 159
    123 127 111 159 151 150 127 12 61 209 226 15 30 64 0 30 1 158 7 255
    223 225 228 96 8 107 131 247 248 124 30 95 122 121 205 191 232 225
    159 0 63 210 226 106 249 255 112 31 235 255 251 127 160 248 31 48 1
    152 127 255 221 225 177 160 248 126 11 1 23 68 30 0 38 197 151 140 7
    255 239 252 127 255 255 255 227 0 249 240 1 61 255 255 253 127 161
    255 123 127 244 114 255 124 95 0 22 233 107 224 253 255 123 31 235
    15 251 119 128 252 23 16 0 156 127 239 221 128 181 160 244 246 15
    143 23 86 18 0 4 213 151 149 193 255 255 242 63 255 248 127 192 0
    215 111 0 127 255 255 190 48 0 103 135 255 147 28 7 9 126 0 60 170
    255 122 62 127 231 62 7 255 255 255 241 225 215 46 127 223 255 255
    251 248 61 238 250 127 205 251 255 248 31 0 54 33 238 47 255 255 255
    193 253 255 255 255 223 62 126 96 207 255 255 239 254 0 252 96 251
    127 108 94 39 129 190 0 60 106 190 131 251 255 255 232 252 224 8 126
    255 252 55 190 15 125 255 255 189 255 129 224 7 153 244 114 232 190
    224 0 27 161 109 224 127 255 243 224 117 255 255 255 254 121 244 67
    255 253 255 255 191 128 126 248 251 127 12 63 135 150 94 0 53 214
    108 157 6 23 142 192 0 0 131 128 39 127 132 64 100 160 126 0 98 0 51
    143 11 71 147 4 31 9 161 255 240 16 224 157 65 132 0 65 240 124 7
    113 159 240 225 154 250 34 33 194 101 248 3 159 123 112 205 157 248
    134 95 127 174 223 23 232 62 127 254 125 131 223 248 207 166 31 7
    152 0 164 255 255 141 255 161 239 248 255 4 37 151 126 159 0 36 221
    71 216 65 255 255 255 191 255 255 127 167 48 5 184 1 192 127 255 221
    255 189 164 35 127 0 39 23 118 94 0 36 217 121 216 30 3 196 20 0 14
    31 129 156 31 132 142 130 20 130 8 64 0 92 79 122 190 4 63 20 72 135
    255 228 233 226 22 27 31 24 16 0 0 70 65 24 254 8 141 253 0 44 128
    12 32 60 159 122 121 251 129 248 121 199 255 227 33 102 184 6 6 142
    240 4 32 131 128 7 255 132 64 65 224 63 0 114 17 161 143 11 71 147
    64 31 9 161 159 253 16 225 154 14 20 0 96 209 254 7 224 24 248 105
    143 63 211 252 194 69 119 255 159 59 99 141 137 225 136 39 63 138
    161 34 184 255 255 255 192 240 0 8 0 28 15 138 9 138 236 31 231 140
    0 0 164 228 128 0 159 0 137 7 255 252 194 31 248 7 223 252 144 0 6
    30 243 158 99 232 33 255 0 7 131 204 80 0 175 250 253 253 155 248
    249 95 255 162 33 234 190 30 7 128 96 0 48 39 192 49 255 232 104 41
    233 112 0 66 0 254 159 59 112 3 135 222 136 99 127 202 106 238 130 6
    16 47 224 23 248 95 147 31 3 232 96 232 2 31 225 204 61 0 191 27 120
    107 163 223 133 127 191 226 98 233 242 129 255 59 236 255 199 8 104
    99 248 55 24 0 27 255 255 125 227 165 165 69 158 36 119 147 126 193
    0 20 213 41 156 46 0 0 23 204 32 255 255 208 7 143 160 0 20 254 248
    103 255 154 208 196 224 15 143 16 128 10 255 196 229 17 224 121 128
    0 128 64 0 7 7 159 0 120 70 224 236 0 195 127 240 0 47 123 80 99 191
    156 152 127 127 191 86 158 233 201 255 127 224 255 199 136 0 224 120
    55 24 0 159 255 255 125 227 173 164 7 190 32 117 23 126 65 0 20 212
    61 220 241 253 122 3 248 0 4 112 103 224 36 255 219 195 5 199 157
    128 30 0 244 0 2 57 0 131 144 247 245 221 30 61 225 253 127 193 252
    0 0 50 31 96 116 22 230 226 3 247 188 16 2 161 4 128 79 14 16 150 97
    255 207 195 26 170 30 46 0 97 240 126 7 225 159 248 41 130 154 99
    120 230 71 172 3 159 123 115 109 159 160 154 95 127 188 221 2 225 28
    23 48 48 0 7 215 255 223 206 9 161 254 45 63 167 76 28 0 156 251 20
    32 127 128 121 94 255 55 97 69 242 31 255 247 119 191 240 56 254 87
    48 135 187 184 6 191 231 237 255 193 97 3 192 15 141 3 129 32 0 90
    157 109 220 1 128 127 142 31 248 7 56 255 227 6 127 251 227 2 19 90
    23 239 31 23 127 243 191 255 117 255 6 61 158 240 27 193 255 254 225
    255 255 247 127 227 248 0 136 0 27 1 7 201 0 26 56 199 255 75 129 23
    130 92 0 30 233 124 22 249 252 226 154 120 32 24 8 24 32 224 154 224
    103 247 255 188 28 2 97 6 0 11 15 16 138 97 255 206 97 60 98 0 144
    255 240 48 120 24 24 28 131 214 106 32 67 15 189 185 254 12 207 59
    96 77 159 216 152 103 0 142 92 251 63 6 0 0 254 6 0 6 18 31 1 248
    114 234 226 0 17 130 64 67 111 10 128 77 191 208 132 93 223 254 96
    224 60 1 0 31 249 221 240 71 88 247 220 31 255 249 235 136 8 93 231
    222 95 19 123 243 245 255 154 124 6 56 255 241 21 249 255 240 15 233
    255 255 127 163 248 56 112 1 194 125 255 205 255 165 190 251 127 35
    99 223 150 95 0 46 221 31 192 0 192 63 206 31 248 199 249 223 226 6
    127 251 227 2 18 88 19 239 31 7 123 243 191 255 117 254 6 61 158 240
    31 129 160 35 231 255 104 57 126 67 136 127 40 0 61 209 253 255 252
    0 240 7 128 12 15 3 64 32 255 222 33 173 47 1 255 126 202 5 252 71
    255 159 240 4 71 240 99 116 247 205 127 251 159 123 125 239 204 220
    135 127 14 59 208 227 224 1 255 255 188 0 192 56 32 24 240 23 127
    172 47 255 255 189 252 3 131 2 224 243 138 222 120 99 0 10 156 225
    232 81 224 32 96 224 120 6 32 31 224 117 139 234 34 33 224 63 249
    161 159 59 115 255 159 252 138 127 63 172 94 7 201 133 63 255 239
    158 0 8 68 28 30 6 122 158 237 248 47 82 1 251 225 4 128 76 158 0
    198 1 128 220 234 241 137 46 19 142 15 2 28 119 221 209 223 6 64 255
    221 127 56 93 129 252 216 252 128 207 222 232 231 176 255 221 208
    211 159 248 51 243 23 252 51 24 6 94 15 151 193 8 196 95 253 190 62
    4 225 20 130 4 31 1 129 32 255 197 168 31 106 225 233 63 245 255 47
    8 0 29 128 127 128 0 96 67 29 189 255 28 192 197 130 4 31 1 73 1 227
    206 223 25 71 249 255 49 19 232 17 255 255 240 56 31 248 56 63 253
    255 253 232 3 112 252 125 251 163 220 137 254 0 58 254 151 165 132
    23 62 15 2 29 199 193 231 30 6 69 239 194 255 8 77 192 253 222 252
    128 207 142 216 231 152 255 53 208 210 191 6 0 15 31 141 126 134 129
    158 6 7 194 128 228 70 56 93 138 16 239 124 54 10 63 23 128 95 255
    173 222 146 3 241 251 254 6 32 6 6 1 220 63 4 102 128 20 11 0 136 0
    124 14 228 144 12 127 144 128 31 255 229 248 220 30 190 95 136 4 2 1
    249 255 224 247 14 64 1 31 206 2 1 63 220 80 196 160 11 131 16 97
    128 254 214 62 144 59 12 2 95 224 1 136 0 0 30 31 126 111 254 100
    136 8 114 15 250 111 27 67 245 143 255 121 167 63 253 42 239 49 254
    63 152 0 240 16 25 207 28 63 14 14 112 111 254 2 68 55 218 99 125 64
    207 141 216 128 35 125 202 66 19 152 249 243 242 156 32 5 28 31 254
    7 228 61 131 60 255 253 189 255 146 224 244 153 252 243 232 121 158
    0 53 145 159 250 62 4 0 67 252 60 7 193 159 60 122 64 40 236 176 64
    66 225 244 111 251 0 15 31 20 128 127 127 187 46 2 193 6 0 142 127 7
    255 135 131 47 7 134 120 1 228 0 0 34 143 192 95 10 150 12 99 151
    116 60 255 252 211 224 243 1 249 127 56 0 0 24 0 28 60 23 127 201 36
    255 232 61 255 131 175 26 113 243 131 248 120 103 0 0 156 227 224 64
    208 98 64 241 254 6 1 156 3 151 95 120 16 15 248 188 4 0 159 123 127
    157 253 253 75 31 63 168 58 23 114 242 233 1 1 248 0 4 0 81 224 59
    129 120 19 32 114 159 248 1 134 181 0 11 139 16 137 32 255 238 20 23
    233 1 183 127 240 148 254 119 237 248 126 31 15 255 93 255 224 93
    251 148 159 123 127 253 187 236 153 71 0 29 84 227 200 1 252 127 240
    119 112 6 126 95 224 123 43 194 239 252 255 183 255 255 255 11 67
    147 31 7 153 125 0 60 7 237 65 89 224 0 96 224 126 7 49 159 224 121
    138 242 34 32 242 151 249 3 159 123 125 207 189 248 138 95 127 174
    221 7 233 5 255 255 250 7 227 231 254 39 248 6 3 96 235 249 255 221
    255 171 152 3 174 48 68 87 27 92 0 57 16 225 2 166 251 255 229 255
    68 8 46 94 51 135 114 138 237 239 246 189 31 193 97 69 128 76 31 0
    214 5 0 28 222 81 115 0 209 255 240 60 120 24 26 28 131 246 106 184
    19 143 189 185 118 79 127 123 98 77 159 212 136 103 0 142 216 234 62
    6 0 0 31 133 255 134 131 239 7 133 240 0 100 2 0 1 154 129 127 120
