<?xml version="1.0"?>
<opencv_storage>
<desc type_id="opencv-matrix">
  <rows>150</rows>
  <cols>32</cols>
  <dt>u</dt>
  <data>
    1 204 63 132 27 158 7 112 103 240 22 127 215 227 0 3 93 254 252 143
    116 139 252 124 225 103 157 4 57 28 242 62 6 127 31 227 223 253 199
    240 231 206 27 7 220 227 124 125 141 32 47 158 11 1 254 116 47 167
    252 0 57 196 96 192 1 204 63 132 27 159 7 112 103 240 22 127 215 227
    0 3 93 254 254 143 116 139 252 124 225 103 157 4 57 28 242 62 1 255
    126 1 152 48 23 253 217 254 7 194 40 91 255 255 93 255 239 153 253 0
    207 159 152 128 51 0 14 24 83 240 0 0 6 112 3 130 7 225 159 240 196
    127 63 232 97 64 115 152 62 159 11 247 51 159 7 122 191 0 54 152 225
    15 0 128 2 120 1 192 7 239 254 113 196 122 63 236 225 80 115 248 53
    159 11 83 49 191 223 122 111 0 54 17 225 75 115 249 255 250 61 240 0
    0 28 33 247 120 15 194 255 252 191 211 252 135 3 73 251 94 111 184
    225 0 6 220 237 223 251 255 255 234 127 255 248 127 239 48 52 124 1
    228 127 255 189 255 161 160 135 255 240 114 255 54 254 0 22 217 109
    232 1 220 0 64 64 0 70 65 16 248 120 111 252 2 44 194 76 37 35 143
    122 253 251 129 248 169 199 255 225 34 167 240 62 51 136 15 128 28
    71 193 243 159 4 65 255 216 127 168 77 193 253 222 248 0 237 158 248
    135 184 255 245 208 19 159 30 22 32 112 0 3 183 255 207 240 104 160
    254 239 239 255 77 124 0 216 235 4 50 94 18 57 92 254 86 97 101 126
    5 255 255 130 0 182 55 253 25 252 6 65 211 251 255 255 93 99 191 153
    123 32 244 140 32 129 147 0 21 216 241 148 250 240 227 63 254 7 220
    31 159 3 247 128 15 163 215 255 191 255 203 96 228 132 12 115 0 84
    30 0 55 212 30 102 31 255 59 238 127 255 250 255 231 0 116 124 1 128
    127 255 253 255 156 175 123 255 240 119 239 118 255 0 53 209 107 232
    6 7 223 128 0 0 7 192 3 127 4 64 55 224 98 0 66 0 37 143 27 71 147
    68 31 73 33 255 234 18 226 15 62 62 192 30 1 255 99 254 247 57 196
    112 127 223 251 255 115 255 255 239 123 123 244 241 249 61 223 16 50
    92 229 71 193 255 255 240 63 241 253 127 143 131 201 137 0 96 2 7
    128 2 194 49 7 103 243 12 15 139 126 0 24 35 252 18 127 255 227 252
    35 255 255 255 248 120 246 27 191 221 255 255 255 192 60 248 251 127
    4 255 223 123 94 0 54 193 236 173 249 255 251 29 227 79 248 117 192
    248 23 16 0 157 127 231 157 193 189 128 244 246 11 141 23 126 18 0 6
    213 151 149 193 255 255 159 8 0 4 112 97 240 23 55 254 155 65 2 190
    0 62 144 132 128 219 28 0 255 112 231 245 147 210 55 243 249 187 65
    240 0 0 0 31 192 31 10 126 226 7 241 190 126 5 143 21 64 139 143 152
    136 39 255 234 0 151 80 193 255 255 240 63 243 252 127 131 192 23 40
    64 105 7 215 190 0 2 56 135 239 51 12 31 41 222 0 24 35 248 18 62
    124 226 62 7 255 254 253 240 241 246 111 255 223 255 255 191 252 61
    220 250 127 12 243 249 120 26 0 55 33 236 171 1 180 127 225 191 254
    71 120 209 252 5 207 128 155 255 252 93 127 255 159 103 98 109 141
    33 139 147 0 37 216 113 176 1 255 126 1 152 16 23 253 217 254 7 202
    40 91 255 255 93 255 239 157 253 0 207 159 152 128 19 0 14 28 83 240
    3 200 133 224 7 252 7 224 17 240 232 100 16 83 96 64 2 46 63 159 59
    113 207 133 171 136 163 191 205 34 232 96 6 127 159 240 23 195 206 1
    166 126 6 127 112 47 252 255 93 129 251 239 3 255 243 64 127 120 254
    0 58 63 224 197 15 255 255 140 2 131 251 255 224 254 6 127 239 157
    248 15 66 252 61 144 2 255 179 114 255 127 160 0 3 22 233 174 14 102
    6 121 132 124 7 255 159 225 135 131 248 235 247 255 97 252 14 238
    251 56 207 157 232 152 95 0 56 220 226 102 62 119 199 0 0 48 95 255
    223 135 134 3 234 56 23 63 226 8 0 239 251 116 243 191 156 138 127 8
    52 64 211 199 7 255 255 15 11 128 56 67 152 60 6 127 224 20 255 135
    221 1 227 163 4 192 179 153 223 116 162 0 7 30 208 190 255 255 255
    252 115 222 24 1 28 7 122 113 128 36 255 255 141 242 50 231 127 127
    49 138 7 125 231 0 8 213 254 78 193 232 127 248 252 112 6 0 31 192
    127 63 239 226 1 247 190 224 125 143 7 128 75 191 152 152 127 0 56
    227 248 13 241 249 122 7 252 0 132 32 99 224 53 241 195 131 101 246
    157 224 47 144 196 128 10 12 16 133 0 247 228 92 30 12 6 195 60 0 0
    0 199 241 33 242 4 127 169 19 98 2 13 64 35 159 26 116 3 131 158 6
    48 14 34 161 65 30 0 3 28 58 0 192 199 216 39 206 15 255 237 227 30
    24 76 63 239 222 8 64 115 2 30 63 124 0 41 255 193 48 229 252 111
    184 120 1 247 254 227 240 255 31 248 63 255 255 252 112 58 240 196
    128 116 177 224 122 88 0 25 198 152 168 5 255 255 205 255 229 251
    255 152 124 22 80 130 220 255 230 124 1 252 176 7 32 13 143 19 86 10
    0 14 214 249 135 193 255 123 225 255 226 8 0 108 124 55 52 0 159 255
    255 125 255 142 231 3 31 112 119 247 62 193 0 5 213 61 240 191 255
    231 224 52 0 136 56 71 193 254 127 246 147 255 255 252 64 47 224 7
    128 251 92 26 154 112 0 65 2 236 44 5 255 255 142 2 7 231 255 227
    252 6 95 255 155 224 7 82 188 47 152 228 188 176 96 235 103 152 0 51
    18 240 43 183 253 43 125 222 0 160 120 99 192 55 71 252 219 127 255
    189 192 45 160 4 128 2 76 19 88 112 128 83 104 161 12 175 127 255
    237 159 79 248 195 130 62 5 176 0 134 255 255 221 192 165 228 196
    246 15 143 23 86 15 0 36 213 113 156 1 9 222 195 254 52 6 0 31 126 4
    2 218 227 232 0 2 3 254 31 79 128 76 191 160 130 1 255 252 65 106
    157 15 127 255 190 7 235 251 231 224 127 6 120 0 28 127 239 125 255
    189 160 2 255 19 191 159 116 162 0 10 156 225 255 6 91 239 224 4 56
    0 128 3 255 132 104 32 160 15 0 184 67 130 143 27 111 147 132 95 9
    165 255 194 16 227 222 15 127 255 237 159 207 248 235 130 62 7 176 0
    134 255 255 221 192 165 228 69 254 14 7 23 118 15 0 36 213 113 156
    62 63 255 128 0 124 23 255 157 255 6 10 40 47 255 174 93 255 235 159
    123 124 203 159 220 128 127 255 254 64 227 248 18 48 32 230 7 184 4
    0 19 7 120 126 0 2 31 248 189 131 1 223 27 127 251 131 254 160 167
    255 229 133 235 209 62 118 128 121 231 255 251 255 163 129 193 160 4
    195 252 255 227 255 239 255 59 127 242 70 127 188 127 16 2 61 101 65
    255 255 50 25 192 7 255 255 240 0 55 126 104 31 255 255 189 224 3
    252 248 127 115 179 222 124 95 0 24 126 151 133 3 217 254 193 191 48
    0 0 28 126 4 0 255 226 40 0 4 1 254 31 3 128 13 143 16 130 1 255 204
    193 96 157 0 32 78 15 159 248 0 0 6 15 133 224 0 38 254 248 38 240 3
    103 19 103 51 2 31 116 109 255 226 30 81 136 255 255 240 28 0 0 1
    250 31 15 0 255 247 226 28 103 196 0 3 161 104 128 4 92 96 124 93
    255 221 249 68 192 1 255 63 249 159 255 199 255 207 248 23 255 246
    107 253 255 221 119 191 158 133 139 252 124 105 250 92 0 58 105 241
    248 129 128 127 127 159 160 7 0 103 198 23 64 128 227 0 0 30 130 206
    94 132 128 110 13 0 131 184 255 253 222 208 3 230 49 15 1 248 0 24 0
    88 135 31 234 160 24 127 253 157 127 229 195 53 64 15 159 144 136 97
    255 194 232 19 152 65 128 127 190 25 195 6 0 30 6 23 105 152 34 2 56
    126 2 251 79 22 2 4 157 35 121 161 239 236 161 208 2 243 249 187 64
    240 0 8 16 29 128 62 72 120 34 5 243 189 255 131 167 21 64 11 143 16
    137 49 251 238 4 23 65 122 224 195 152 241 254 24 63 31 1 255 255
    228 108 67 255 179 202 0 239 123 110 111 156 30 152 127 0 58 255 159
    71 109 156 0 65 240 126 7 249 159 248 53 146 30 227 120 194 94 96 43
    159 123 107 236 220 224 134 127 127 186 227 19 152 112 192 198 128
    32 32 0 0 31 195 228 127 224 66 7 16 178 254 45 143 27 0 179 159 216
    136 97 0 46 17 237 27 65 132 48 1 224 126 7 121 159 248 23 91 194
    107 1 192 125 96 142 159 123 126 13 159 220 130 95 127 188 222 23 16
    1 255 127 254 31 255 7 255 223 248 4 125 142 107 255 255 221 253 43
    159 11 3 236 123 33 253 254 6 61 217 225 239 1 224 15 248 6 224 7
    240 87 192 4 111 242 195 112 252 132 47 141 159 11 193 243 157 254
    185 125 223 236 222 225 64 46 0 134 128 0 7 199 215 239 15 196 127 0
    100 2 0 114 138 208 62 251 31 146 127 142 102 158 255 252 19 210 7 1
    224 15 240 5 240 7 250 87 192 4 127 242 195 64 253 132 47 175 223 27
