<?xml version="1.0"?>
<opencv_storage>
<desc type_id="opencv-matrix">
  <rows>150</rows>
  <cols>32</cols>
  <dt>u</dt>
  <data>
    30 23 134 62 7 252 235 254 227 199 133 225 255 223 255 63 97 255 255
    103 59 127 251 243 254 253 127 8 22 94 227 30 1 228 15 254 15 94 6 4
    31 96 223 123 192 108 97 247 243 248 50 175 70 158 0 125 23 88 95 0
    60 255 227 197 241 253 120 1 248 0 4 48 103 192 48 223 199 227 1 195
    157 128 14 4 228 128 0 26 0 131 16 247 245 156 30 61 135 255 255 254
    63 255 249 255 152 62 6 88 40 2 127 239 254 0 3 160 7 254 15 131 151
    118 190 0 10 222 249 199 30 23 140 127 135 252 255 255 239 7 5 243
    255 255 207 31 73 255 255 123 59 127 223 114 255 157 126 8 27 28 64
    59 225 249 122 195 252 16 132 48 67 224 53 131 247 195 101 246 157
    192 47 144 196 128 10 12 16 129 48 247 229 21 30 157 253 255 255 236
    255 255 248 127 231 240 112 240 1 61 255 255 253 127 161 227 27 127
    116 114 255 124 126 0 22 233 111 224 193 255 255 227 255 255 230 125
    225 240 96 131 240 59 99 215 189 0 59 159 119 255 15 133 135 135 87
    0 55 193 122 31 159 255 59 121 128 192 8 124 249 224 31 63 252 127
    255 255 254 48 30 192 4 128 251 57 168 186 96 0 25 195 196 232 1 192
    8 29 129 224 1 48 7 224 7 191 135 226 64 127 201 2 1 143 11 3 50 14
    7 127 241 255 197 185 193 7 24 192 0 96 240 120 7 48 31 224 120 168
    250 2 1 114 157 248 3 159 59 112 111 155 156 136 127 63 230 253 47
    227 12 22 32 16 0 3 183 254 207 242 40 175 254 255 239 247 76 127 4
    24 235 4 0 94 0 120 92 254 94 161 101 122 6 0 12 31 140 62 134 1 158
    31 7 192 128 228 10 0 73 128 80 79 248 126 106 29 22 128 95 255 253
    222 210 187 1 128 127 252 3 192 7 64 127 248 62 0 11 147 1 0 124 0
    13 158 3 0 100 191 129 124 80 255 244 225 233 186 129 255 255 255
    191 255 255 127 163 120 5 184 1 192 127 255 221 241 189 184 135 254
    10 39 23 86 30 0 36 217 121 156 249 255 120 31 235 255 255 127 161
    248 31 32 1 153 127 255 221 192 161 176 249 126 11 1 23 68 30 0 36
    85 157 140 62 23 40 11 140 119 135 193 239 30 4 146 127 198 255 8 77
    117 253 206 248 60 10 119 128 134 95 255 245 80 18 190 127 255 252
    62 3 248 56 76 16 63 133 240 24 31 252 255 199 255 14 99 26 99 3 141
    7 126 99 0 138 125 238 104 1 134 63 255 31 224 7 64 7 254 7 233 67
    226 0 0 77 0 13 147 6 195 146 12 7 9 32 223 228 30 225 254 4 2 28 68
    3 239 199 249 225 222 4 55 255 219 8 0 77 96 173 158 59 127 240 112
    239 118 178 4 33 213 97 24 0 192 12 127 143 255 247 247 157 240 1
    135 252 16 96 114 4 0 33 156 251 191 108 92 125 190 95 0 33 255 99 0
    225 255 255 191 186 192 24 124 253 252 23 7 131 189 255 255 253 255
    2 224 132 153 255 242 248 253 208 0 21 148 221 248 2 224 5 224 5 248
    7 224 17 240 248 64 216 67 96 112 2 111 63 159 27 115 255 135 167
    137 231 191 200 98 233 224 255 255 247 134 33 191 251 255 237 255
    244 64 255 253 248 15 242 0 124 175 251 127 76 63 132 193 191 48 53
    214 254 39 255 255 251 60 227 223 248 127 227 128 23 156 1 189 255
    255 189 255 131 231 248 127 240 115 255 126 255 0 52 209 151 248 63
    127 254 109 135 223 250 255 160 63 7 176 0 132 255 255 205 195 243
    228 232 255 12 7 23 118 31 0 36 213 67 156 1 128 127 188 3 196 7 0
    63 224 150 112 47 226 7 192 124 0 3 158 4 128 76 243 208 124 21 255
    242 195 224 176 0 192 0 127 143 255 247 255 157 224 1 135 252 16 64
    242 5 8 33 156 251 127 236 92 125 190 95 0 1 223 99 1 0 192 111 240
    62 48 24 49 28 195 215 111 192 25 71 253 187 254 123 159 7 224 13
    157 144 136 39 0 12 254 248 15 1 0 28 0 1 255 199 249 255 254 4 199
    255 211 8 0 77 32 37 158 187 127 240 112 239 117 190 6 33 156 98 56
    201 255 123 113 255 227 136 0 110 60 63 142 0 198 255 255 93 255 189
    167 1 30 48 119 135 122 197 0 37 212 29 240 249 255 240 11 249 255
    248 127 227 248 40 112 1 83 127 255 205 127 165 160 251 127 240 99
    255 182 95 0 12 124 31 224 250 123 240 30 3 159 248 31 254 15 133
    156 0 60 255 253 173 255 178 231 248 127 252 115 237 122 159 0 21
    217 207 250 129 252 123 254 127 103 196 0 226 56 112 128 0 31 255
    252 61 255 165 198 134 164 15 157 19 84 8 129 54 209 109 200 249 252
    49 19 248 1 255 127 224 112 127 233 240 61 241 255 189 249 99 112
    244 252 115 113 220 137 222 0 58 254 158 205 63 255 255 127 143 248
    57 254 0 113 135 129 248 61 252 231 231 255 243 33 11 66 11 141 7
    129 32 0 26 93 197 240 30 0 0 0 0 7 215 255 223 225 248 111 20 59 64
    23 66 58 227 156 250 62 20 92 96 120 31 254 51 162 231 0 14 6 196 0
    0 96 247 240 32 255 128 95 253 146 120 0 66 41 0 155 27 112 51 131
    159 150 96 0 3 2 225 193 201 255 123 113 255 227 136 0 110 60 63 140
    0 198 255 255 93 255 189 166 1 30 48 119 135 122 197 0 37 212 29 240
    30 6 0 0 0 128 119 240 48 252 224 127 255 144 56 192 70 125 4 155 59
    96 251 131 158 165 224 0 3 224 229 232 30 68 0 0 0 7 183 255 223 225
    248 111 54 35 64 87 66 59 35 152 235 60 48 88 113 120 95 254 147 34
    225 64 4 48 35 63 7 255 255 159 224 1 247 107 0 125 255 252 127 254
    82 126 248 127 147 220 127 121 95 0 56 30 130 111 126 0 198 128 0 7
    215 255 158 31 224 112 100 228 2 0 98 128 1 158 250 62 0 94 92 93 95
    255 224 1 111 63 6 17 140 96 4 62 7 248 31 231 4 106 128 235 110 184
    4 15 190 159 123 0 76 31 0 128 87 10 60 208 227 81 6 31 142 192 0 0
    135 224 103 127 132 64 64 224 126 128 64 0 127 147 11 67 146 4 7 9
    160 191 240 16 224 157 0 240 119 96 160 159 198 1 158 3 150 127 0 32
    31 240 190 0 2 31 123 127 179 142 15 106 159 255 237 130 239 249 6
    31 206 192 0 0 135 192 39 127 132 64 69 224 127 128 64 0 179 131 11
    3 146 68 7 9 160 191 240 16 225 156 14 16 35 224 5 248 7 183 223 131
    240 64 170 56 31 255 254 124 1 191 59 123 111 187 223 184 127 255
    247 224 233 120 6 3 254 128 0 16 7 240 31 255 132 123 232 96 2 0 0
    29 2 27 59 64 11 131 156 131 48 0 42 64 115 250 255 63 255 129 248 0
    0 10 15 31 158 15 0 226 255 189 96 15 141 96 196 128 0 14 0 2 0 255
    204 130 31 50 0 0 3 31 192 63 135 255 239 248 63 56 190 43 1 192 126
    240 3 30 248 63 238 123 220 138 223 255 186 225 146 44 4 0 0 63 1
    241 87 141 252 60 31 255 192 223 252 252 127 255 252 90 59 27 244
    245 251 190 106 0 56 255 129 68 62 0 198 128 0 6 134 129 158 15 224
    105 2 228 2 0 98 128 0 143 250 60 18 94 30 9 95 255 228 33 238 15 1
    0 47 244 2 1 231 241 225 248 132 8 41 19 111 192 124 1 3 156 2 252
    19 227 223 72 144 4 34 17 225 247 6 19 143 224 4 96 231 242 7 135
    132 96 97 96 15 1 227 215 2 191 11 111 147 192 95 25 125 159 202 22
    225 254 1 132 31 123 223 254 27 102 30 56 31 111 223 228 48 194 119
    233 0 191 69 255 252 126 239 184 79 0 28 222 211 197 30 3 196 16 0 2
    10 129 28 7 132 233 2 144 2 0 98 0 4 15 122 22 18 127 4 9 7 255 228
    57 231 31 255 255 240 1 224 28 184 255 40 247 128 191 253 255 252
    230 133 63 255 152 248 28 15 115 216 130 3 112 24 31 31 144 5 6 126
    224 0 0 231 241 225 253 132 10 33 19 57 0 96 1 3 158 11 252 19 163
    159 74 16 0 34 16 225 211 225 255 255 188 56 0 120 127 255 128 23
    126 112 63 255 255 189 240 2 240 196 152 245 253 248 120 92 0 26 62
    156 46 6 35 12 112 132 126 7 255 223 199 5 250 134 235 254 125 73 24
    14 222 251 60 76 124 32 136 95 8 60 220 99 102 0 192 206 192 0 16 6
    48 31 225 132 70 92 34 0 112 163 216 35 159 126 128 205 139 32 128
    191 0 57 80 99 7 145 255 254 62 3 143 128 96 99 240 4 252 0 187 99
    31 137 0 43 143 108 255 4 101 23 126 151 1 180 89 230 15 0 0 14 62 4
    32 10 5 30 7 132 104 0 108 0 0 98 7 144 47 10 192 15 159 0 136 47 31
    254 83 225 255 1 255 28 96 135 255 199 241 249 246 7 105 255 91 124
    162 77 101 37 159 251 127 176 120 255 41 190 14 56 16 227 240 255
    127 240 65 255 60 24 78 30 28 122 0 2 230 191 131 188 15 227 96 101
    0 12 14 0 192 133 255 198 192 29 182 30 31 247 240 244 240 56 129
    216 63 255 126 12 28 63 2 123 213 80 47 27 111 243 30 30 152 103 255
    194 158 238 255 0 192 15 112 0 124 7 255 223 224 22 107 234 32 3 226
