<?xml version="1.0"?>
<opencv_storage>
<desc type_id="opencv-matrix">
  <rows>150</rows>
  <cols>32</cols>
  <dt>u</dt>
  <data>
    14 0 132 26 0 64 71 253 159 227 196 90 48 107 226 118 98 248 126 31
    122 125 243 157 252 186 127 0 58 22 226 70 14 6 206 2 0 48 71 249
    253 253 132 111 232 83 240 14 98 3 127 159 122 124 3 191 158 129 63
    0 45 145 226 71 12 6 68 30 0 0 119 253 153 241 196 124 48 123 225
    119 98 216 126 159 58 113 243 141 142 186 255 0 58 22 226 70 14 7 12
    125 135 253 55 255 255 31 7 195 255 223 206 28 73 255 255 123 27 219
    252 114 255 253 126 8 17 28 98 62 62 63 32 65 192 118 135 192 110 62
    0 147 255 215 255 172 77 117 255 207 251 30 2 115 20 134 71 255 247
    145 6 254 255 255 255 252 115 207 248 127 255 248 119 120 4 61 255
    255 189 127 163 224 199 255 244 122 255 126 222 0 18 233 189 224 255
    255 48 31 207 255 251 255 161 248 31 48 1 211 125 255 221 241 165
    160 248 126 4 35 23 68 30 0 38 197 151 140 253 255 57 31 143 127 255
    255 225 248 31 160 1 153 127 255 221 192 161 176 252 126 15 5 23 68
    30 0 36 213 151 141 27 223 252 64 1 60 70 65 24 255 128 175 249 0 47
    128 12 4 20 143 59 115 207 131 222 201 39 127 226 33 102 250 62 51
    174 7 2 13 71 197 241 159 6 64 207 221 255 56 89 193 252 220 252 128
    205 158 232 231 152 255 253 208 195 159 193 255 255 240 63 255 252
    127 192 1 247 47 192 127 255 255 190 0 2 110 199 255 51 12 31 9 94 0
    60 35 249 58 28 22 0 65 192 126 7 193 28 124 33 155 255 231 252 200
    77 127 255 143 251 30 4 98 84 135 71 255 230 129 6 248 65 248 127
    249 253 248 4 0 31 248 55 186 254 99 253 232 157 127 251 143 59 83
    245 251 255 152 119 1 42 253 109 224 110 23 56 15 128 29 199 193 231
    30 4 4 159 194 255 8 77 17 253 206 252 52 207 39 8 135 156 255 119
    208 18 186 1 255 255 255 63 255 255 127 167 120 5 184 1 194 127 255
    221 225 189 188 3 127 0 39 23 86 30 0 38 217 109 140 1 176 43 112
    209 248 7 254 103 240 63 126 143 227 253 254 125 251 107 223 59 3
    100 115 231 56 253 0 56 254 130 200 254 16 224 4 0 7 191 191 28 227
    196 64 39 227 207 176 97 131 255 24 248 190 16 96 113 65 159 254 142
    28 70 31 110 4 1 3 204 60 7 199 159 24 250 64 118 228 176 64 66 233
    212 127 251 10 14 124 92 129 127 127 186 110 146 193 1 255 255 239
    63 255 0 112 103 254 4 112 0 131 127 255 141 0 59 167 7 199 12 39 7
    86 49 0 20 216 104 31 236 4 0 11 236 116 183 254 103 240 97 146 140
    239 224 223 77 104 4 208 252 132 79 118 24 134 88 255 218 209 23 64
    236 134 0 15 204 60 247 254 227 224 5 146 139 235 192 255 77 104 4
    112 244 128 79 35 16 134 88 255 221 208 22 96 6 0 0 11 192 255 7 255
    159 248 27 102 7 237 0 64 71 248 2 30 249 61 252 94 120 132 95 255
    191 222 2 229 14 6 0 112 240 118 6 1 158 63 5 192 126 236 176 0 82
    131 220 79 123 120 21 156 224 137 95 127 182 58 98 197 2 41 221 240
    4 248 5 224 49 255 58 65 192 195 112 32 2 15 63 159 27 115 115 135
    158 185 99 255 205 226 235 224 127 255 227 248 99 255 255 255 252
    113 245 139 255 221 255 255 191 192 60 252 251 127 12 255 247 122 94
    0 54 209 236 173 145 255 255 240 62 240 184 127 15 129 233 139 0 98
    4 135 128 2 131 35 7 199 178 12 7 26 126 0 24 35 109 16 62 127 254
    109 151 223 248 239 162 63 7 48 0 132 255 255 205 195 241 228 204
    255 4 7 23 118 31 0 36 213 99 156 6 3 220 20 0 31 215 193 220 63 0
    236 2 16 10 0 0 0 0 31 250 127 180 252 228 104 159 255 167 169 194
    158 0 34 28 254 31 226 8 0 24 54 33 240 0 61 254 124 77 248 2 199 3
    70 48 12 23 124 99 255 234 61 96 41 125 15 252 10 0 114 7 227 159 63
    132 147 255 128 3 0 73 0 80 62 251 56 240 251 248 150 95 255 230 80
    68 158 225 255 255 190 59 255 254 127 227 224 23 130 193 227 255 255
    188 0 14 255 254 127 115 96 31 120 127 0 60 97 254 62 225 253 122 3
    248 0 0 48 103 192 36 127 219 227 1 131 157 128 14 4 228 128 2 57 0
    131 144 247 253 221 30 31 243 255 255 224 127 255 136 108 227 255
    250 75 7 255 252 255 134 32 12 239 127 255 12 122 127 137 55 0 58
    166 254 224 7 255 191 240 1 96 7 248 217 252 6 122 46 27 255 254 125
    241 175 159 11 112 3 155 159 24 115 0 38 156 225 200 129 255 253 224
    255 255 231 254 231 240 8 128 0 99 0 7 205 0 14 48 135 247 2 37 7
    136 92 0 60 105 104 126 248 241 243 1 240 0 8 0 28 135 150 71 226
    236 31 253 190 112 0 164 228 128 4 31 16 128 7 255 199 32 31 234 31
    127 255 109 159 79 248 239 130 62 7 176 0 132 255 255 221 128 229
    164 196 246 15 7 23 118 15 0 4 213 99 157 252 244 225 144 96 0 57
    191 24 1 251 43 0 61 223 255 252 15 130 96 3 0 19 143 18 9 98 255
    202 33 157 50 16 0 0 0 0 32 7 7 159 15 96 123 223 228 11 0 24 1 208
    95 59 0 4 159 129 9 63 63 188 0 236 159 0 0 11 188 3 222 199 1 254
    56 59 175 255 148 32 192 93 253 229 159 122 253 251 179 222 249 95 7
    35 31 226 224 193 248 127 255 254 151 100 0 35 96 159 128 0 34 33
    240 191 169 250 31 196 230 101 134 0 38 129 231 203 196 146 161 254
    124 32 15 192 0 0 192 15 248 54 127 255 195 255 254 93 224 255 129
    56 0 244 100 104 118 161 255 195 156 150 156 254 34 224 0 160 0 249
    255 24 3 206 107 0 86 215 255 226 126 252 112 11 0 19 143 18 9 34
    255 206 170 205 42 2 64 141 128 0 8 6 26 31 1 200 64 10 227 128 29
    130 0 74 127 123 66 4 159 4 120 191 255 253 226 226 3 12 6 85 224 1
    200 25 2 30 63 250 103 254 100 236 8 66 15 242 111 59 99 243 138 31
    121 239 63 201 226 236 49 238 6 8 31 204 0 123 255 208 242 7 160 0
    29 128 2 83 255 192 16 132 128 15 143 0 128 32 254 204 223 17 241 1
    128 127 188 2 2 7 224 57 254 6 100 60 19 127 252 125 255 235 159 6
    254 19 243 223 120 147 0 43 28 225 248 15 44 0 65 240 126 7 241 159
    248 53 146 154 226 56 194 94 112 3 159 123 114 108 157 160 134 95
    127 188 235 19 232 65 224 0 1 224 124 7 113 159 224 233 138 250 34
    33 226 39 249 171 159 123 112 205 157 232 138 95 127 174 222 23 201
    30 15 192 64 0 48 7 192 34 127 232 66 45 230 224 8 66 0 126 159 59
    96 19 134 94 136 97 63 218 34 238 3 129 255 127 252 63 206 1 120 99
    248 31 96 199 251 225 199 252 0 60 145 6 139 244 118 251 121 241 0
    28 231 249 115 111 44 0 1 216 126 7 241 159 248 53 130 146 226 120
    226 86 120 3 159 251 35 108 157 32 134 95 127 189 233 19 232 6 0 14
    63 15 126 6 128 31 7 135 112 128 100 2 0 2 128 64 95 10 128 12 191
    147 196 31 255 254 217 224 63 97 128 96 128 0 0 6 1 159 0 240 72 0
    228 1 193 255 240 0 47 251 100 51 159 20 42 191 63 60 22 190 249 126
    240 128 28 0 71 254 191 224 129 244 113 0 61 199 255 191 254 18 236
    250 127 178 28 39 127 94 0 56 156 173 63 6 23 142 240 4 56 35 192 35
    255 132 64 97 224 63 0 98 19 131 143 27 111 155 132 94 137 37 127
    194 22 227 218 2 64 0 96 1 0 6 24 31 192 248 106 62 227 128 17 130
    128 79 79 59 0 77 191 144 200 31 255 254 226 224 5 5 255 63 252 7
    192 135 248 3 252 7 104 64 35 255 254 93 239 235 159 3 231 179 7 7
    121 177 0 12 24 225 224 6 7 143 224 0 0 7 192 49 255 132 66 45 217
    56 0 66 0 254 159 27 120 19 135 222 136 99 63 202 18 225 131 1 255
    255 255 191 127 6 120 111 242 7 178 128 107 0 7 141 0 10 14 5 128 12
    55 147 132 17 0 63 221 96 31 2 192 4 192 0 0 6 26 31 1 232 96 10 226
    128 17 130 0 74 127 123 66 4 159 0 120 63 255 254 226 226 1 6 23 142
    192 0 0 3 192 39 127 132 64 97 160 63 0 114 0 179 143 27 71 147 68
    31 9 161 255 210 16 227 158 30 63 160 112 0 3 183 255 207 254 104
    161 254 255 255 191 76 28 0 248 235 4 32 63 0 121 94 254 90 97 109
    122 0 128 15 254 7 56 7 248 99 193 132 95 161 227 0 24 34 0 47 159
    10 199 203 64 30 198 177 95 251 150 226 7 65 128 3 27 200 127 135
    255 223 120 55 102 63 108 1 192 127 248 2 30 249 31 4 123 132 132 95
    255 191 217 146 239 193 255 127 159 154 7 231 126 3 248 23 127 247
    235 129 199 221 0 14 28 228 254 2 4 4 117 159 0 29 158 210 55 62 52
    128 124 103 255 255 255 160 1 232 128 1 67 255 255 96 127 165 239 59
    127 50 98 223 124 127 16 46 23 109 192 30 3 220 20 3 14 31 129 156
    31 132 100 2 20 10 0 64 0 0 15 122 126 4 159 23 120 135 255 229 249
