<?xml version="1.0"?>
<opencv_storage>
<desc type_id="opencv-matrix">
  <rows>150</rows>
  <cols>32</cols>
  <dt>u</dt>
  <data>
    6 123 14 126 7 207 71 241 223 254 7 119 246 235 127 56 13 12 63 159
    74 255 244 220 229 125 95 8 61 220 227 178 0 3 30 127 7 254 71 249
    223 230 5 255 176 251 78 56 77 127 175 159 8 251 253 253 233 230 191
    14 62 157 99 48 30 215 48 64 192 2 23 243 223 227 1 138 126 0 15 131
    205 0 1 190 251 60 48 251 248 154 95 255 226 1 69 252 4 199 28 31
    130 220 199 241 223 246 7 255 223 235 102 2 77 64 175 159 248 247
    251 159 44 246 255 14 61 217 67 28 5 191 255 196 2 0 57 254 16 255
    150 127 240 31 255 255 114 191 235 209 2 224 243 133 142 105 161 0
    12 30 225 19 193 255 255 190 31 224 0 126 255 247 151 96 112 223 255
    255 253 252 5 225 6 153 244 245 249 188 96 0 21 28 248 124 5 255 255
    255 15 120 119 252 49 252 7 64 3 123 255 255 93 255 239 155 27 115
    13 131 231 128 51 0 30 152 227 252 1 255 127 117 159 24 39 254 119
    248 7 255 217 235 255 255 221 117 239 155 12 192 77 133 160 248 184
    0 28 221 194 188 5 191 255 132 2 0 56 72 16 255 134 127 240 27 255
    255 114 223 171 225 6 224 179 133 134 97 161 0 13 30 225 7 13 254 62
    64 5 255 247 255 225 248 4 1 195 219 253 255 77 127 255 152 251 127
    4 102 39 129 144 0 28 129 227 56 5 255 255 127 15 248 55 252 113 252
    7 70 112 91 255 255 93 255 239 155 27 67 253 181 233 130 177 0 31 24
    227 220 253 255 59 31 203 95 251 117 224 248 23 16 1 156 127 255 221
    193 181 174 252 127 11 133 23 118 31 0 38 213 151 156 123 255 251
    224 249 255 255 255 254 124 126 67 255 253 255 255 188 0 254 120 187
    127 111 191 135 189 126 0 61 214 190 159 14 2 8 224 7 252 31 243 223
    131 104 96 58 16 15 163 204 124 1 191 59 121 239 187 255 128 191 255
    230 96 97 240 243 248 231 133 248 30 56 47 152 113 215 136 24 255
    255 254 60 63 237 255 252 255 205 159 160 202 7 0 8 65 31 194 1 255
    127 119 159 24 7 248 89 248 7 255 211 91 255 255 93 255 255 155 20
    192 77 153 224 232 177 0 13 220 211 168 126 6 128 0 96 130 8 140 14
    31 248 109 7 239 159 0 115 255 254 103 59 79 176 102 127 105 165 0
    28 5 142 187 15 255 255 190 7 126 119 255 217 254 6 66 3 219 255 239
    93 245 189 153 26 227 5 158 213 136 115 0 23 220 227 252 62 55 168
    65 196 118 134 128 238 63 0 147 63 223 255 188 77 112 127 206 251 28
    18 115 128 150 71 255 183 17 66 190 1 255 127 99 159 120 103 254 115
    252 7 95 129 235 255 255 221 255 175 155 27 114 13 131 215 130 61 0
    31 152 211 252 249 255 51 248 241 207 255 255 252 120 127 6 239 253
    255 255 189 128 252 248 251 127 0 127 151 122 94 0 61 86 188 157 239
    255 255 184 16 1 251 255 231 224 31 63 240 127 253 255 254 96 12 96
    228 152 241 248 248 58 88 0 29 195 154 232 5 255 255 118 7 248 71
    254 247 252 6 79 48 107 255 255 221 255 43 159 27 227 221 140 233
    130 188 0 63 16 227 231 5 255 255 246 15 62 55 254 93 252 6 104 63
    123 255 255 93 227 239 155 26 219 140 248 233 193 183 0 30 24 227
    193 14 2 0 26 1 255 247 255 223 227 192 255 191 237 192 23 67 158
    124 88 187 5 250 126 39 183 222 28 27 221 96 51 193 255 255 240 63
    240 248 127 143 3 233 138 2 96 0 7 128 0 3 163 7 231 179 12 7 154
    126 0 44 35 109 18 191 255 255 248 115 199 248 127 255 120 248 248
    12 31 255 255 189 127 163 224 135 153 252 250 233 126 222 0 50 169
    105 64 5 135 62 15 128 158 199 241 215 246 5 191 210 235 100 2 77
    112 175 159 248 255 251 141 172 246 255 14 61 217 67 156 249 255 249
    127 255 127 248 123 173 240 31 168 1 195 125 255 205 112 127 160 197
    190 10 99 23 128 30 0 36 255 76 168 251 127 240 0 96 0 24 74 30 63
    96 0 10 38 255 136 191 255 227 96 180 0 12 15 0 67 160 255 199 128
    29 177 5 255 255 247 15 126 119 254 51 252 6 65 0 107 255 255 93 255
    239 155 27 115 13 129 135 129 55 0 28 16 227 250 255 255 248 15 32
    31 247 254 227 240 0 191 255 251 253 255 205 96 30 216 252 31 252 96
    108 118 216 0 25 225 30 92 127 255 128 31 207 255 252 255 160 200 31
    48 1 216 125 255 157 255 165 176 248 126 0 35 151 68 30 0 6 197 135
    224 1 255 127 247 15 60 55 252 81 252 7 64 2 91 255 255 93 227 239
    155 12 192 13 155 224 193 177 0 14 216 227 156 126 16 192 16 0 130
    24 132 28 63 250 13 7 236 191 128 114 255 254 111 59 79 176 102 127
    121 167 0 24 1 172 243 59 255 255 251 255 255 252 127 194 0 247 111
    192 127 255 255 191 240 0 110 235 127 51 92 95 9 94 0 60 62 237 46
    62 63 190 108 151 207 248 223 166 31 7 184 0 132 255 255 205 255 225
    228 229 255 4 7 23 126 159 0 36 213 99 254 225 253 123 7 248 0 0 48
    103 192 22 127 195 195 3 215 189 128 30 128 196 128 10 24 16 135 16
    255 245 156 30 63 65 132 0 19 224 126 7 97 31 248 215 138 194 34 33
    192 127 249 251 159 123 124 79 159 216 138 95 127 172 222 7 205 30 7
    196 30 1 255 27 255 255 39 132 251 255 223 231 63 99 223 255 227 59
    91 108 241 249 245 127 0 22 92 99 15 4 2 15 1 216 30 14 1 156 14 31
    130 128 132 2 0 93 128 112 79 244 60 10 61 20 134 95 111 164 213 18
    15 6 95 254 192 0 0 132 128 7 119 132 64 65 160 111 130 40 0 179 131
    11 71 147 64 31 73 160 159 245 16 225 159 5 255 126 250 4 0 39 248
    97 252 4 63 251 123 255 255 93 255 235 152 196 128 243 163 152 150
    80 0 28 81 225 240 205 255 123 225 255 226 8 64 108 120 55 28 3 151
    255 255 125 255 161 165 7 159 48 118 243 62 193 0 135 149 45 192 126
    3 0 1 192 126 198 1 247 30 5 130 41 96 30 0 29 143 254 143 251 127
    219 227 254 138 95 127 190 17 7 213 30 39 198 124 3 206 123 255 240
    255 199 96 127 223 255 127 99 255 253 236 235 253 253 243 248 120
    223 0 55 124 225 6 1 255 127 188 25 248 119 248 208 254 7 96 19 219
    255 254 93 255 189 159 27 115 253 157 165 124 99 0 6 156 243 240 1
    255 127 127 159 252 7 104 25 248 7 192 2 147 255 254 29 255 239 159
    4 193 237 156 224 129 179 0 38 216 83 232 0 240 127 124 3 72 4 0 28
    3 7 128 10 224 7 224 190 0 124 31 11 130 4 143 1 120 103 255 239 82
    228 177 249 255 57 31 203 255 255 255 227 248 31 48 1 235 125 255
    221 241 165 187 252 127 13 163 151 84 62 0 54 197 151 136 5 230 24 5
    193 207 7 240 221 240 5 132 158 216 96 118 77 251 189 158 121 6 108
    124 33 126 147 0 41 220 1 8 19 57 176 96 5 184 8 0 16 14 52 126 0 2
    127 248 157 0 0 239 27 127 251 135 255 160 167 127 229 157 239 193
    134 19 46 15 2 13 71 193 247 159 6 65 207 208 127 168 93 193 253 220
    252 128 205 222 248 231 152 255 117 208 147 158 193 192 35 191 255
    237 199 57 247 224 127 109 240 27 71 240 190 112 2 158 132 153 207
    241 248 233 156 2 54 225 157 88 253 255 48 15 192 0 0 104 99 248 23
    127 255 235 253 255 93 192 63 128 228 128 244 68 96 118 128 255 211
    158 150 60 5 255 255 255 15 255 247 252 225 252 7 254 15 219 255 255
    93 255 191 152 4 255 12 99 215 84 16 0 13 24 225 216 13 255 254 30 3
    207 251 255 225 254 4 127 127 219 224 15 94 126 63 144 132 255 240
    98 239 119 144 0 3 25 224 122 129 128 127 229 254 1 135 16 103 206
    31 92 128 235 2 0 29 128 206 90 132 128 12 15 0 99 184 255 252 214
    208 23 5 255 255 246 15 60 39 254 119 252 6 64 3 107 255 255 221 1
    239 155 10 192 77 131 160 193 188 0 30 216 227 152 1 192 255 252 3
    192 70 17 217 195 215 79 128 89 7 16 178 31 244 31 3 98 35 157 23
    120 122 2 62 234 233 19 65 140 0 1 224 126 7 113 159 248 97 146 226
    34 32 194 71 249 171 159 123 126 77 159 216 134 95 127 174 222 23
    232 241 249 122 7 252 0 128 0 3 224 53 193 199 227 117 255 157 192
    45 128 132 128 10 4 16 133 32 227 229 92 31 12 237 254 24 0 240 0 49
    252 25 240 40 135 210 59 240 255 68 40 227 145 61 65 245 140 96 137
    161 0 5 170 23 0 225 255 255 225 255 62 24 97 28 124 23 127 54 70
    255 255 221 253 165 167 117 175 140 88 120 194 15 0 46 152 91 229
    225 255 255 193 249 63 200 0 38 60 23 143 133 228 255 254 189 225
    179 175 117 127 18 70 31 8 143 0 49 149 25 181 12 6 0 0 0 7 183 254
    207 240 104 175 134 255 225 135 76 126 4 152 251 12 16 94 16 89 92
