<?xml version="1.0"?>
<opencv_storage>
<desc type_id="opencv-matrix">
  <rows>150</rows>
  <cols>32</cols>
  <dt>u</dt>
  <data>
    30 55 244 64 128 65 151 255 239 255 128 152 255 239 255 191 77 112 0
    120 251 4 50 123 16 159 92 255 250 65 68 254 62 127 252 63 135 255
    248 223 160 31 7 152 0 172 255 253 141 255 225 255 248 255 12 39 151
    118 191 0 22 209 195 248 4 55 253 224 7 248 95 243 31 15 104 97 232
    2 31 227 204 61 1 175 27 123 235 163 222 133 127 255 226 98 235 250
    129 0 3 127 222 0 28 7 30 8 159 248 120 100 9 192 183 164 82 96 4
    128 13 141 0 192 46 255 250 127 192 185 62 31 0 11 193 126 7 192 28
    60 0 147 239 194 252 136 77 127 255 143 123 95 12 122 117 134 103
    127 229 17 7 220 190 16 231 20 0 3 55 190 28 39 198 96 55 255 255
    248 114 7 254 88 234 138 20 116 97 72 0 255 222 30 236 151 251 255
    255 252 127 255 248 127 227 120 113 240 1 173 255 255 189 255 161
    231 123 127 32 99 223 126 127 0 54 233 111 224 249 255 240 15 239
    255 251 127 161 248 57 240 1 211 125 255 205 255 173 160 59 127 2 35
    151 84 30 0 14 221 13 192 241 253 120 1 248 0 0 48 71 192 52 223 207
    227 1 199 157 192 10 36 228 128 0 27 0 131 144 255 253 220 30 61 254
    119 160 28 0 199 59 254 255 131 23 255 192 255 255 255 253 204 0 112
    248 27 244 253 248 126 95 0 20 191 151 100 127 252 226 248 97 207
    254 255 252 49 244 138 47 221 255 255 191 249 252 254 251 123 253
    255 249 122 94 0 54 209 237 171 5 44 13 224 7 248 7 224 16 248 232
    32 127 194 112 66 66 47 255 159 27 99 237 139 39 137 227 255 201 97
    233 224 253 255 120 31 171 127 251 255 160 248 31 48 3 153 127 255
    221 192 161 176 184 118 11 135 23 68 26 0 6 213 149 156 120 192 0 96
    224 120 4 16 31 131 121 138 40 2 2 112 153 254 3 159 59 114 11 131
    222 136 127 63 234 21 15 110 225 255 255 228 63 255 248 127 224 15
    150 124 8 29 255 255 188 1 3 224 7 255 1 155 151 118 190 0 3 222 253
    215 142 70 8 31 142 1 255 255 144 242 15 112 0 125 0 2 65 255 244 16
    196 128 13 143 0 198 0 255 204 95 147 112 62 119 140 2 0 145 249 191
    224 231 0 119 255 95 254 63 72 31 255 224 250 125 251 161 236 167
    224 0 29 232 67 78 241 255 255 184 56 129 248 127 254 3 151 101 0 61
    255 255 189 252 1 96 228 253 243 255 238 121 222 0 53 30 255 250 4
    48 35 127 79 255 255 191 208 3 247 111 0 63 255 253 255 254 0 126
    203 255 147 156 39 104 158 0 53 30 227 123 1 140 10 63 128 224 11 96
    28 120 7 240 94 0 0 2 93 192 33 143 8 65 253 159 224 188 103 0 4 93
    193 53 88 192 0 64 241 120 7 48 31 224 120 186 42 2 1 242 29 248 3
    159 59 115 13 155 212 136 127 63 230 253 47 231 191 255 255 228 63
    255 248 127 144 31 22 124 8 4 255 255 188 1 3 225 7 255 35 131 151
    126 190 0 11 218 249 215 1 132 3 63 72 63 199 255 255 56 119 30 190
    36 1 192 126 112 3 31 248 127 108 123 252 138 95 255 186 193 146 40
    129 255 255 238 63 255 128 96 33 240 4 124 0 107 99 223 189 0 127
    143 70 255 4 99 151 102 151 1 44 209 248 15 18 192 0 96 0 16 4 32 19
    224 248 106 32 98 7 240 189 255 251 159 27 96 19 131 158 152 103 63
    234 20 226 231 62 23 8 7 128 159 199 192 39 31 0 129 193 228 124 40
    69 101 188 222 248 125 239 101 220 231 156 255 61 193 19 248 2 0 206
    192 144 0 6 0 31 195 132 64 94 34 7 48 129 80 43 159 124 128 207 138
    40 129 189 0 41 0 99 14 241 241 255 192 120 0 56 1 216 3 246 15 248
    20 7 48 186 23 0 163 4 192 11 157 128 137 34 255 197 192 255 90 255
    63 252 31 0 143 251 207 248 63 7 156 1 29 255 255 77 255 225 224 252
    189 253 242 248 126 206 0 47 209 199 248 12 134 0 0 0 7 183 254 231
    242 40 111 7 255 236 166 68 63 255 152 250 14 4 92 1 72 144 254 31
    161 230 248 241 249 254 63 190 16 8 0 31 194 7 224 124 34 7 243 141
    6 3 175 68 128 15 141 16 129 55 255 234 126 31 84 1 0 0 27 192 255 7
    255 223 56 63 122 63 236 224 64 127 248 2 30 248 31 252 123 232 128
    95 255 190 221 147 165 193 255 255 249 255 253 95 127 191 224 53 130
    5 227 135 247 188 0 14 112 7 155 236 246 251 152 126 0 59 225 120 62
    1 132 3 97 193 255 199 115 159 24 55 106 96 34 0 65 126 248 2 63 123
    127 5 244 255 152 95 255 234 1 128 232 14 2 0 112 1 238 7 221 223
    143 122 47 219 239 254 60 73 252 0 95 59 115 101 191 227 120 127 191
    253 213 225 107 2 0 205 240 4 248 71 224 17 249 218 64 128 67 96 24
    2 11 47 159 27 243 243 129 158 185 99 255 239 226 235 64 6 0 12 31
    142 63 199 131 231 15 135 192 208 100 2 0 1 144 64 94 252 252 79 37
    132 129 159 255 249 220 82 31 126 127 160 136 97 223 248 255 224 56
    248 144 1 87 255 255 140 127 165 239 251 127 243 98 255 126 255 0 46
    231 47 224 62 15 164 64 144 1 251 255 224 125 200 128 1 31 235 15 72
    31 251 240 228 148 11 35 144 129 8 252 86 33 83 114 1 2 30 64 0 255
    199 249 231 222 4 63 255 195 8 0 77 34 237 30 251 127 242 112 236
    186 254 6 49 213 98 24 1 128 126 142 15 30 7 224 39 240 132 0 125 34
    47 224 60 23 11 158 198 136 204 96 248 231 157 0 51 80 227 222 193
    201 127 225 252 0 39 120 97 240 31 94 32 219 129 0 157 128 14 25 5
    128 3 12 28 138 112 255 210 22 146 127 4 7 30 125 135 252 247 255
    231 30 7 195 255 223 158 8 77 255 255 95 251 253 251 114 254 249 127
    12 27 28 98 58 201 255 123 225 255 230 8 64 108 120 55 28 1 151 255
    255 125 255 165 165 5 158 48 119 243 122 195 0 4 213 45 208 6 0 0 18
    1 240 7 144 15 193 200 92 7 194 0 1 67 254 109 159 27 67 176 6 39 43
    241 31 225 188 224 101 225 255 255 57 184 0 247 127 253 255 23 195
    192 159 255 254 189 255 5 80 196 153 255 245 248 189 88 0 53 28 220
    252 126 0 198 128 0 7 215 199 158 31 192 122 32 228 2 0 98 128 0 158
    250 60 2 124 216 22 95 255 238 17 239 247 193 255 127 236 255 207
    168 104 225 248 52 176 0 27 255 255 253 192 173 140 71 190 0 63 23
    126 3 0 20 81 125 140 255 255 251 27 172 16 24 68 28 124 23 162 14
    124 255 238 29 1 251 167 116 128 13 191 144 128 99 241 222 215 151
    135 5 6 63 240 0 118 7 255 223 156 23 111 254 235 216 157 93 254 126
    255 251 60 240 125 248 152 95 0 60 222 226 116 46 0 0 19 200 16 25
    134 28 14 63 128 2 228 127 252 125 255 180 225 124 0 15 159 0 136
    103 255 206 197 19 240 197 255 255 227 255 62 24 105 28 124 7 254 54
    23 255 255 221 255 235 167 69 175 204 92 120 128 135 0 2 24 123 235
    12 6 5 128 0 7 103 254 231 241 202 111 18 59 192 6 66 0 99 28 234
    190 20 220 225 120 31 254 21 34 226 3 0 128 15 188 27 95 199 1 254
    48 63 175 255 132 1 192 61 255 229 158 254 125 219 179 222 249 95 6
    50 21 178 234 76 150 26 128 0 7 247 255 225 242 36 0 36 251 236 134
    126 3 13 152 254 62 4 116 112 65 152 254 123 2 18 209 255 255 255
    243 252 55 185 254 47 231 201 138 143 239 254 127 128 0 30 240 229
    156 2 114 20 138 88 64 26 225 122 64 255 255 56 15 128 128 0 96 39
    248 5 252 7 195 255 254 93 128 127 135 120 9 244 98 232 118 225 255
    196 156 22 15 6 19 142 242 4 48 1 192 3 127 132 64 33 96 47 0 58 87
    144 159 27 111 147 192 94 129 37 31 202 18 227 222 6 23 238 64 0 0
    135 192 15 127 132 64 97 32 111 2 98 0 179 143 11 71 147 64 31 9 160
    31 254 16 225 158 6 0 12 124 7 192 7 176 111 227 128 92 159 195 0 3
    66 31 109 158 3 128 108 113 227 126 145 159 247 222 224 67 30 4 0 96
    209 242 35 232 33 248 105 152 136 99 248 236 70 127 251 223 59 102
    49 131 7 11 97 255 200 225 33 192 193 255 255 225 255 255 230 127
    227 224 97 131 193 107 3 199 157 0 14 62 247 255 11 33 151 136 95 0
    61 225 122 62 2 65 140 0 0 0 6 128 31 195 128 127 253 99 7 16 137 20
    10 31 59 0 236 96 224 133 189 0 57 64 66 58 126 0 198 128 0 7 223
    131 156 63 192 122 96 228 2 0 98 128 0 158 250 60 3 124 88 30 95 255
    230 17 239 247 1 156 56 121 197 251 199 249 131 248 31 255 255 227 8
    128 29 0 111 159 59 127 51 3 7 58 126 6 36 191 64 56 0 0 14 31 131
    124 7 134 223 14 5 128 128 100 2 0 27 130 0 31 56 66 12 159 4 200 60
    255 252 217 83 31 1 128 126 143 14 31 7 240 39 248 4 16 125 3 63 224
    125 23 11 158 196 153 204 96 248 135 156 6 43 80 227 222 5 6 31 192
