<?xml version="1.0"?>
<opencv_storage>
<desc type_id="opencv-matrix">
  <rows>150</rows>
  <cols>32</cols>
  <dt>u</dt>
  <data>
    6 39 15 127 159 255 7 225 221 254 7 133 130 249 122 38 72 19 187 159
    121 255 204 220 229 231 159 0 53 218 67 202 1 253 127 240 1 126 6
    113 159 240 54 26 112 98 0 195 156 0 3 159 123 127 21 189 253 154 95
    63 190 33 239 144 1 128 15 251 223 254 7 1 156 120 215 119 222 108
    225 192 126 255 241 143 119 51 108 191 225 156 79 0 61 251 209 193
    15 127 255 176 0 0 249 254 32 63 150 71 237 20 252 111 242 169 2 224
    6 192 51 35 31 121 224 0 3 150 249 225 31 127 223 240 2 0 121 254 32
    61 250 69 233 157 252 239 118 233 2 97 3 192 243 131 158 121 160 0 5
    134 232 225 1 11 220 62 7 254 6 0 47 255 0 247 193 35 96 24 0 0 43
    143 123 127 252 113 239 183 223 0 41 254 98 56 1 135 29 123 159 255
    199 240 39 254 11 255 241 235 44 2 69 32 30 159 97 255 106 68 23 182
    95 15 59 223 96 241 14 63 140 126 7 255 135 239 143 125 132 224 71
    237 249 198 64 15 165 158 234 191 4 124 103 65 159 0 52 58 227 196
    237 255 255 15 8 7 255 255 224 252 6 124 20 31 240 31 91 203 165 176
    228 156 20 100 97 103 152 128 33 16 145 7 19 59 255 240 55 248 8 1
    24 31 158 69 123 20 188 40 162 175 241 79 27 115 179 155 255 121 167
    1 165 2 234 241 0 128 79 248 22 254 7 0 63 225 134 91 243 227 65 80
    114 136 5 159 75 255 243 113 223 62 95 0 62 214 226 7 19 253 255 224
    0 126 6 123 159 224 116 106 122 98 5 247 188 0 3 175 123 127 149 191
    225 136 95 127 190 42 239 128 1 128 24 224 64 114 7 97 31 248 32 139
    63 226 0 0 1 0 2 159 123 127 179 154 46 154 95 255 254 158 106 0 19
    57 187 112 192 120 14 13 222 14 23 107 210 111 223 253 190 127 255
    111 123 115 245 157 160 136 127 63 188 222 231 66 18 249 255 224 177
    254 14 31 159 131 159 75 250 235 247 255 189 252 3 239 123 123 253
    159 224 153 95 63 188 86 235 96 1 19 255 190 7 238 71 1 54 63 6 116
    61 38 255 168 125 223 195 95 74 255 241 131 255 116 207 0 51 92 225
    255 6 31 191 192 1 192 11 192 28 127 4 127 255 100 255 0 121 223 253
    143 11 65 243 155 235 127 231 31 205 20 225 247 6 19 142 192 1 128 6
    128 88 63 4 79 96 20 63 0 73 247 129 143 27 96 51 157 31 105 167 31
    231 20 225 254 1 131 127 158 11 198 7 1 255 31 6 127 155 19 143 0
    127 223 235 95 6 255 243 251 239 119 223 6 53 156 240 255 2 64 135
    240 5 240 24 0 28 1 196 99 190 34 3 120 178 152 11 111 27 64 113 155
    219 153 103 31 203 251 224 15 126 63 254 0 1 253 247 252 225 255 4
    120 10 255 254 28 89 7 253 88 187 64 111 159 23 180 240 0 30 94 212
    23 249 252 227 49 248 55 132 126 231 192 247 131 208 239 245 255 182
    255 237 240 245 4 4 29 0 138 92 0 60 215 30 65 6 23 174 192 1 128 7
    192 24 63 4 79 250 4 127 0 77 215 144 159 11 96 51 143 23 123 167 31
    229 20 225 255 1 159 63 254 7 248 7 248 87 254 23 105 64 107 126 6
    93 0 11 159 11 195 155 140 255 201 189 15 252 28 225 254 254 249 161
    49 240 7 132 190 207 129 255 138 70 255 247 255 187 207 222 112 253
    6 4 94 0 8 28 0 60 37 31 7 193 253 127 248 61 240 32 96 19 248 55
    126 240 107 224 192 159 253 127 147 27 64 207 141 216 152 96 255 218
    253 236 224 14 0 0 184 0 192 3 128 63 225 248 127 251 130 0 2 66 31
    4 15 27 123 243 177 255 121 103 255 228 34 225 227 249 252 247 203
    252 125 96 126 103 224 251 128 240 235 253 255 183 255 254 240 244
    128 76 132 16 135 120 0 28 97 31 128 193 240 247 254 63 252 4 0 92
    225 250 62 206 92 117 240 182 255 245 143 31 131 236 94 36 254 99 3
    172 225 239 192 30 6 128 112 128 112 55 196 248 127 129 128 127 221
    255 8 73 87 188 153 59 24 3 247 216 136 97 0 23 1 99 222 225 192 111
    241 252 0 8 0 29 128 255 65 220 34 1 17 178 223 195 111 68 128 255
    159 32 137 183 239 233 230 155 22 12 0 0 19 192 0 123 129 152 120 5
    129 240 92 248 200 77 96 53 144 228 96 15 141 0 137 2 255 202 217 16
    12 6 7 14 126 7 251 199 250 103 199 4 191 255 195 2 23 193 3 13 159
    11 255 179 99 159 62 125 14 50 145 97 66 6 0 15 240 21 248 5 240 29
    223 232 143 255 224 16 0 2 0 0 159 27 67 109 251 252 139 103 255 194
    227 99 168 62 7 129 240 240 56 7 192 31 255 251 137 168 2 10 0 114
    128 1 159 59 113 235 143 222 137 103 127 230 239 239 255 30 6 194 96
    33 240 7 255 159 247 244 72 122 111 255 126 114 143 251 159 59 115
    181 159 225 137 127 63 190 16 237 167 1 184 63 248 95 254 7 112 103
    248 54 31 222 27 127 252 61 128 107 159 123 127 236 187 165 158 119
    0 56 213 226 181 6 2 15 240 7 248 27 247 28 231 248 43 255 236 62
    160 98 0 0 159 27 65 235 158 31 153 103 31 194 225 224 213 126 0 0
    16 192 80 95 255 156 12 123 159 254 0 60 233 70 64 225 127 123 123
    243 153 220 186 127 127 231 227 18 164 65 249 126 8 1 254 12 3 158 0
    4 65 219 32 127 253 140 63 130 239 123 115 237 187 224 149 95 255
    229 216 87 64 30 95 192 240 32 114 7 255 223 253 240 107 126 83 236
    135 115 128 12 127 123 127 147 249 252 137 95 63 190 33 238 185 126
    7 193 241 248 120 7 192 17 255 251 226 40 2 14 0 98 128 3 159 59 124
    203 135 222 136 103 255 226 191 159 255 97 255 56 128 240 62 199 255
    255 240 56 111 250 107 0 3 141 71 130 31 251 127 11 187 220 136 191
    127 190 94 19 254 1 144 127 248 1 192 53 124 16 240 54 127 235 27 15
    128 62 70 2 31 59 112 99 139 223 122 103 63 196 232 236 92 254 64
    130 7 0 31 199 253 239 243 132 150 31 255 227 16 59 255 205 92 252
    191 204 114 232 198 158 255 245 1 19 15 0 192 47 235 253 252 20 29
    156 130 119 131 218 111 135 248 189 254 74 95 123 115 239 155 172
    135 127 127 253 220 98 64 5 255 255 240 7 224 3 248 31 254 7 131 254
    3 192 7 217 30 3 131 11 192 3 139 135 24 112 159 226 80 224 127 12 7
    254 20 0 1 7 248 255 255 132 121 31 219 43 0 114 128 63 158 186 16
    180 127 225 121 156 255 254 154 225 255 15 254 239 232 7 255 247 255
    223 224 214 0 254 59 53 247 255 248 10 158 187 123 237 252 255 191
    126 12 59 80 233 233 4 6 63 192 5 248 7 192 31 126 4 1 0 98 127 0
    127 213 3 143 27 67 48 14 7 135 253 63 253 148 225 255 1 131 63 251
    159 248 0 0 28 62 7 255 214 164 127 0 92 7 179 143 21 195 236 220
    101 184 103 255 196 248 243 246 255 223 231 247 255 3 249 255 128
    129 215 24 0 63 207 159 183 254 227 112 132 128 0 14 19 67 128 128
    90 150 252 49 254 255 247 231 254 3 249 255 0 131 214 25 0 47 207
    255 242 255 227 112 132 128 0 14 17 67 24 128 76 129 252 48 126 2 0
    0 192 112 6 129 156 255 96 146 184 99 248 60 65 120 30 207 123 0 115
    159 152 158 127 255 238 193 23 104 225 249 255 255 254 0 8 0 224 224
    127 31 128 92 127 252 190 96 253 132 196 176 11 189 152 130 1 231
    204 135 159 56 1 3 62 226 7 250 7 192 15 254 4 1 128 99 255 0 127
    245 11 159 27 67 0 14 7 7 189 255 253 212 225 255 22 0 0 64 0 62 71
    255 255 39 30 111 224 32 0 0 2 0 35 191 251 127 207 189 220 128 63
    127 190 162 226 57 1 237 62 127 143 255 198 1 231 56 5 144 139 162
    113 96 141 127 3 174 228 255 108 103 167 246 220 1 53 209 65 226 2
    32 45 240 208 240 0 0 28 3 233 159 254 0 63 240 140 1 1 159 59 121
    243 253 248 154 103 127 198 195 99 195 1 191 254 192 177 252 6 72 31
    31 132 16 191 227 255 140 189 119 255 111 59 99 237 140 96 182 127
    63 191 193 106 56 255 223 231 247 255 3 249 255 128 129 215 24 0 63
    207 159 179 254 227 112 132 128 0 14 19 67 128 128 90 150 252 49 6
    48 0 48 0 216 31 179 158 2 27 143 254 0 60 224 70 125 1 191 59 123
    253 251 248 187 127 127 225 254 227 232 62 30 0 65 240 126 7 255 159
    28 120 18 158 236 188 205 71 225 252 127 251 15 108 94 36 134 95 127
    189 196 6 212 1 239 62 127 159 254 6 1 31 48 5 160 9 34 112 103 141
    127 131 175 100 191 108 99 148 180 95 1 38 221 83 202 126 64 0 0 192
    24 87 255 223 227 120 127 254 18 0 0 130 3 128 159 251 123 115 153
    220 154 127 127 231 226 19 69 30 83 175 112 128 122 78 1 144 231 23
    90 96 2 15 16 59 132 3 143 123 127 51 143 222 154 127 255 234 30 227
    127 1 248 59 250 125 254 6 64 127 248 54 31 222 35 127 252 61 128
