<?xml version="1.0"?>
<opencv_storage>
<desc type_id="opencv-matrix">
  <rows>150</rows>
  <cols>32</cols>
  <dt>u</dt>
  <data>
    1 128 126 192 3 159 199 16 231 193 128 61 16 3 7 192 0 7 131 159 123
    127 178 125 39 107 157 6 49 161 99 214 6 39 31 255 159 255 7 225 223
    254 15 197 194 232 122 46 77 27 187 159 245 191 204 220 97 231 159 0
    53 252 83 198 1 128 95 240 0 216 70 0 103 248 134 111 40 130 32 64
    51 128 171 143 123 127 251 143 30 184 127 3 51 190 227 133 17 253
    243 112 1 254 6 51 159 224 54 106 122 98 5 247 188 0 2 175 123 127
    149 189 225 136 95 127 190 42 238 144 1 128 95 240 0 216 198 0 231
    248 6 111 168 130 32 64 51 128 171 143 59 127 243 143 30 184 127 3
    50 190 227 133 0 0 254 192 3 143 199 0 231 255 128 125 252 2 127 96
    0 1 163 159 123 127 48 25 7 127 157 0 49 232 99 206 1 253 127 240 0
    126 6 33 159 224 54 106 122 98 0 195 156 0 0 175 123 123 221 189 228
    136 127 63 174 40 238 144 0 0 47 240 255 255 135 15 223 28 123 159
    222 230 191 232 93 255 222 126 199 159 236 125 225 122 223 0 61 193
    225 252 65 144 127 225 253 248 6 0 30 48 123 159 214 236 255 240 29
    255 144 79 27 3 244 124 103 186 103 0 61 196 57 252 2 0 9 126 71 255
    7 223 223 28 63 127 215 230 128 0 29 127 218 95 74 143 252 124 103
    121 223 0 61 230 224 240 6 3 12 127 135 248 6 0 31 198 7 191 255 162
    0 1 77 0 33 143 9 255 251 224 255 190 127 9 50 221 65 42 19 252 35
    224 113 254 30 63 223 128 118 104 218 32 53 255 189 240 3 175 123
    127 253 159 224 153 95 63 188 92 235 232 4 2 30 123 159 254 6 0 23
    230 7 191 255 162 0 19 77 0 35 143 9 255 243 192 255 190 127 5 50
    223 66 56 30 63 240 96 224 112 14 1 222 15 36 107 250 228 159 173
    220 5 255 111 123 112 251 157 152 136 127 63 180 159 110 178 29 63
    252 96 32 120 14 1 222 15 4 107 210 228 158 189 205 35 255 111 123
    113 251 157 172 136 127 63 180 159 110 25 193 253 127 248 61 224 32
    64 16 248 55 127 184 107 248 200 157 33 127 147 3 64 109 143 224 152
    96 255 202 253 236 209 6 23 142 192 1 224 7 254 31 119 132 76 0 111
    143 2 123 245 0 95 11 64 243 159 31 123 167 31 223 148 224 254 6 79
    14 104 7 255 199 249 249 252 6 126 67 219 224 6 76 1 255 158 251 255
    244 189 167 54 95 12 52 122 227 176 6 23 174 192 3 224 7 210 31 31
    132 127 242 224 15 129 125 215 128 63 11 64 51 157 147 119 191 31
    229 84 225 255 6 6 15 248 7 248 27 192 28 255 59 11 254 232 60 96 66
    128 0 159 27 99 251 159 15 153 103 255 198 225 227 229 147 249 255
    244 2 3 8 0 31 195 22 109 146 227 7 151 189 254 252 36 4 128 36 29
    33 105 144 255 252 220 224 62 1 243 62 31 15 254 6 0 47 34 4 112 131
    162 118 255 205 123 131 175 96 191 108 103 39 118 223 0 53 222 225
    200 0 0 79 224 253 248 5 0 95 35 143 191 255 228 0 0 2 92 0 31 27 83
    239 255 255 139 103 127 210 225 98 102 133 255 255 143 31 0 56 79 28
    62 6 96 24 108 255 255 125 255 242 96 4 128 13 139 0 196 32 0 10 92
    248 242 1 128 57 224 208 112 7 97 159 240 56 75 18 227 96 216 28 42
    190 159 123 123 177 157 236 136 127 127 190 6 99 0 2 0 143 254 7 238
    0 0 29 243 132 127 255 163 128 0 34 0 11 15 10 223 252 96 239 116
    231 223 193 222 224 43 6 0 0 16 0 88 87 255 159 141 232 127 254 3 0
    0 2 2 2 95 123 123 243 153 220 186 127 127 230 227 227 81 249 207 48
    15 194 31 7 255 159 198 4 132 144 107 130 31 201 82 75 92 252 160
    204 156 224 229 159 0 57 216 6 30 4 2 63 224 7 248 3 0 31 255 22 0 0
    96 63 0 123 192 2 143 27 67 0 30 7 2 165 63 255 214 225 255 30 127
    140 31 128 220 23 255 157 255 135 134 218 27 123 102 65 25 191 159
    120 113 255 153 160 190 255 0 13 248 195 134 62 255 193 240 33 223
    27 254 95 225 250 7 240 239 244 255 231 255 252 113 251 2 100 157
    161 120 95 56 25 230 238 161 1 172 15 255 223 239 7 64 15 248 9 208
    128 35 112 254 71 255 43 142 5 130 100 14 35 118 112 143 232 252 97
    96 76 0 0 3 192 16 7 240 31 248 32 2 128 34 0 0 69 224 163 159 248 0
    79 141 0 134 29 255 233 209 7 173 89 224 0 7 129 31 71 243 247 192 0
    0 116 162 0 227 132 0 3 158 248 59 204 244 232 231 158 255 51 96 7
    192 17 63 250 120 5 248 8 2 30 30 7 130 254 224 63 233 189 119 252
    239 27 99 107 143 6 158 103 63 204 65 238 248 236 246 231 231 254 3
    249 255 0 131 247 26 0 47 159 255 246 255 235 112 132 128 0 14 1 66
    24 192 78 0 253 52 254 127 192 192 112 16 56 159 28 7 248 0 0 111
    196 31 163 254 66 96 251 0 13 159 0 130 66 251 220 70 46 61 0 0 95
    224 20 248 6 2 95 15 96 159 255 160 0 0 2 244 0 31 27 83 237 251 248
    139 127 127 246 225 106 124 2 48 47 248 0 248 120 2 16 14 116 58 64
    96 63 248 189 247 252 111 27 99 235 141 30 186 103 63 204 85 234 248
    241 248 243 255 254 0 8 0 30 1 247 251 255 228 159 243 189 255 251
    103 68 128 205 129 248 213 71 0 138 93 236 250 22 73 8 64 0 24 127
    255 158 32 8 127 254 0 0 2 128 63 0 63 251 119 235 153 156 154 127
    127 231 239 99 227 255 255 254 134 8 7 231 255 231 255 132 0 127 195
    127 191 253 71 255 176 230 128 12 118 32 199 152 254 123 16 124 62
    126 0 0 0 208 62 215 255 223 56 250 127 250 20 0 0 50 15 128 31 251
    127 11 189 156 136 191 255 246 255 19 195 6 255 31 123 135 251 199
    253 233 242 7 123 123 251 226 22 93 240 62 158 9 127 18 51 135 30
    114 14 52 31 192 59 1 131 255 238 7 224 7 112 223 247 134 127 255 32
    15 0 59 215 122 31 10 240 11 187 131 119 159 15 53 20 224 255 38 48
    0 3 220 61 199 255 239 199 197 128 250 251 124 252 102 63 253 222
    251 16 76 127 128 129 28 255 116 67 19 129 254 127 192 192 112 16 24
    158 30 3 248 0 0 103 196 63 227 204 123 97 123 0 13 143 0 129 69 249
    221 70 46 37 255 255 246 128 56 31 248 237 224 127 196 1 65 223 255
    230 123 223 254 164 252 191 12 115 240 131 7 112 28 20 31 199 253
    230 3 6 0 7 247 255 227 240 254 68 0 95 240 231 119 240 4 56 232 188
    4 118 248 102 158 255 249 134 135 136 193 248 127 254 63 254 6 1 31
    96 54 127 112 34 127 252 189 224 35 143 103 255 181 240 233 62 95 3
    42 28 237 188 1 134 31 121 135 255 199 253 249 252 7 123 79 251 248
    0 93 195 255 158 137 223 148 115 231 30 114 14 60 29 194 157 5 254
    63 121 135 255 199 253 233 240 7 123 91 219 247 246 93 0 62 159 249
    127 148 119 231 156 114 14 52 29 194 204 30 0 192 96 241 242 215 155
    159 143 224 143 0 34 15 1 98 63 193 95 59 127 179 12 15 57 255 255
    232 163 109 122 1 0 63 240 5 248 7 0 31 62 62 0 0 96 63 0 63 197 2
    159 27 99 243 142 39 153 127 191 251 150 225 255 30 7 0 65 128 48 55
    224 248 127 0 0 127 221 255 8 72 87 188 153 251 16 79 243 216 128 96
    0 7 65 67 94 30 7 128 64 128 60 3 196 248 127 132 128 255 220 255 8
    73 87 188 153 251 24 77 247 216 129 97 0 23 193 67 94 30 0 0 18 4
    126 7 255 255 115 128 64 239 228 128 0 2 8 66 31 251 31 206 123 220
    128 127 127 191 106 226 167 255 127 240 7 33 33 248 255 152 31 192
    128 128 255 255 255 192 95 133 96 136 96 13 140 17 64 34 255 201 225
    77 94 13 255 220 0 0 0 247 254 225 254 0 127 128 29 124 134 68 3 161
    152 248 48 3 159 152 88 16 254 212 218 71 208 14 12 4 64 1 254 14 1
    156 24 200 126 154 2 144 65 99 233 68 111 123 123 253 157 229 128
    255 63 164 214 226 225 2 64 143 224 253 120 4 0 31 35 232 191 255
    224 0 0 2 79 0 31 27 67 143 159 223 139 103 255 210 161 106 70 1 251
    255 226 63 254 6 8 31 199 22 0 251 227 255 60 185 95 30 79 123 127
    76 117 245 135 127 127 191 64 239 126 3 127 223 240 1 192 8 1 28 63
    14 108 43 0 112 8 131 139 163 175 11 112 3 163 159 120 167 1 38 222
    233 197 4 230 47 250 31 255 119 255 255 242 23 3 254 127 247 255 127
    248 12 95 59 127 253 189 235 153 95 14 60 20 225 111 110 2 4 3 8 62
    71 255 255 7 202 107 138 2 128 23 66 0 3 127 251 123 77 191 252 128
    63 127 180 226 146 17 255 255 246 128 120 31 251 237 224 127 228 1 1
    221 255 231 123 223 254 164 252 255 140 227 252 129 2 112 61 16 31
    206 2 192 0 31 192 188 7 243 31 32 27 197 214 34 0 112 132 8 3 159
    248 73 255 88 108 129 191 127 57 110 19 1 126 64 0 64 240 208 23 255
