<?xml version="1.0"?>
<opencv_storage>
<desc type_id="opencv-matrix">
  <rows>150</rows>
  <cols>32</cols>
  <dt>u</dt>
  <data>
    1 249 124 224 52 208 7 120 29 242 0 191 240 3 126 252 140 0 35 159
    27 192 111 157 0 187 241 0 36 225 111 16 1 249 124 248 0 192 6 121
    29 220 40 191 202 3 240 120 132 0 11 95 59 65 251 139 32 189 255 0
    36 235 106 0 28 6 192 64 1 62 71 251 223 241 192 126 127 147 64 6 64
    0 14 159 251 119 159 155 164 130 191 0 34 43 103 28 5 22 30 14 0 0
    71 255 223 252 4 80 0 235 44 128 77 37 132 31 122 112 11 159 144 134
    63 4 61 222 227 184 126 31 240 0 97 238 7 204 31 31 96 31 247 237
    206 15 72 54 254 111 59 127 240 124 111 122 223 0 62 129 44 59 1 6
    30 14 0 0 71 247 223 252 4 112 10 232 40 128 93 39 225 159 26 224 75
    159 144 132 63 4 61 94 227 176 0 192 42 64 213 255 199 249 231 224 4
    127 119 195 71 248 157 62 37 158 251 63 244 112 237 166 158 2 50 17
    99 50 19 252 35 224 240 126 6 119 159 96 126 123 190 160 125 255 189
    224 33 175 123 127 5 191 252 136 95 127 182 156 235 193 1 207 95 228
    7 232 7 248 103 222 4 126 1 235 0 0 147 152 3 31 11 198 3 39 31 120
    177 31 246 222 224 47 6 6 8 64 128 48 71 241 157 254 4 74 0 57 112 2
    65 241 161 159 27 96 3 159 22 136 62 8 54 156 99 136 127 255 231 63
    1 255 247 255 169 225 215 64 60 107 255 255 182 127 158 88 251 63 16
    96 119 88 95 0 26 30 197 192 1 253 127 240 0 118 6 99 223 112 54 123
    234 128 117 230 188 0 51 191 123 126 51 127 220 152 95 255 246 232
    235 193 1 248 103 241 253 248 0 26 23 0 255 136 223 226 7 241 190 60
    229 127 27 67 253 139 229 153 101 0 4 99 250 58 51 253 43 64 240 126
    14 119 159 224 62 106 62 160 125 255 189 232 33 175 123 127 205 159
    248 136 95 127 182 148 131 192 62 115 224 60 1 223 247 255 161 227
    192 224 112 255 255 255 233 223 252 217 250 127 244 196 101 125 254
    0 24 28 231 7 1 143 95 224 3 232 7 248 39 222 4 126 1 227 0 8 146
    128 107 159 11 82 3 39 159 120 181 159 246 86 224 43 30 63 196 30 1
    248 23 228 92 125 132 127 223 221 249 226 98 17 52 159 27 99 253 159
    167 255 231 0 5 217 225 202 30 63 196 30 0 192 119 238 112 125 132
    127 207 221 251 230 98 25 52 147 58 96 251 131 142 254 224 16 5 209
    229 203 13 206 127 224 1 192 27 227 30 112 36 103 235 34 97 199 125
    254 35 175 27 123 243 131 223 121 175 63 229 28 233 39 62 0 0 0 192
    56 135 152 7 194 32 128 128 3 196 125 69 254 1 83 59 70 75 4 30 131
    176 255 197 209 7 72 19 249 255 240 0 126 14 13 159 7 0 122 114 239
    142 157 132 15 254 111 123 115 253 157 228 152 127 127 188 107 239
    16 126 0 0 0 192 8 7 144 7 194 4 129 240 3 7 249 205 112 1 211 57 64
    75 13 6 103 176 255 229 80 23 76 6 7 142 60 2 64 7 224 127 255 135
    78 127 227 120 12 65 80 63 159 10 249 145 191 248 122 87 12 58 24
    224 206 1 232 30 74 5 252 71 241 159 240 4 128 160 34 112 242 13 43
    163 159 123 125 239 133 220 150 127 127 171 209 99 128 126 103 196 0
    0 112 7 255 159 231 196 106 127 235 243 63 226 136 47 223 123 112 49
    187 224 136 127 63 182 33 206 103 19 201 24 0 0 190 6 64 31 248 0 0
    94 226 0 0 136 0 30 31 123 103 237 157 36 133 191 127 185 98 98 211
    6 63 14 124 7 231 199 252 231 254 5 255 132 235 252 254 76 15 133
    156 203 143 16 124 99 126 92 14 56 185 225 192 6 79 143 224 21 248
    31 241 28 240 200 111 255 224 0 2 66 16 0 159 27 64 107 155 223 137
    119 63 198 227 224 58 2 0 0 0 1 255 198 7 223 3 232 2 128 36 31 248
    165 127 146 95 123 119 13 159 7 152 127 63 190 224 227 168 62 3 128
    0 0 4 7 224 127 255 128 1 255 194 34 0 64 15 133 156 248 0 12 59 160
    195 17 255 231 81 19 195 6 0 0 0 0 60 7 255 255 12 30 107 203 224 0
    0 70 0 123 191 251 123 207 251 252 128 63 255 252 254 194 49 6 7 142
    22 2 0 7 192 31 255 132 125 127 227 122 12 65 1 175 143 74 240 143
    191 248 105 159 8 40 24 225 158 62 63 160 64 1 255 251 254 231 127
    96 0 31 239 255 255 77 1 255 96 59 63 244 114 231 183 220 24 21 145
    101 212 1 240 0 107 199 255 199 253 217 240 59 127 208 251 116 246
    29 3 62 158 251 127 236 220 229 134 82 0 60 255 2 193 31 127 251 96
    32 120 14 197 156 124 62 105 122 45 248 78 159 225 130 175 59 115
    147 155 220 137 127 63 190 21 239 140 26 0 0 96 229 248 28 3 28 33
    200 187 255 224 1 0 35 223 0 47 27 64 79 159 159 154 111 63 230 225
    100 118 224 179 255 199 254 7 254 31 194 7 228 0 10 125 255 61 184
    127 242 96 196 128 12 139 0 198 152 192 62 65 27 206 4 0 15 128 0 30
    71 255 223 28 122 127 250 39 128 0 82 0 2 95 251 127 235 157 156 136
    95 255 247 226 179 69 2 0 15 248 4 240 4 0 29 129 224 154 126 236 0
    0 162 208 0 95 27 97 243 143 15 154 103 63 214 65 232 174 13 254 110
    192 1 248 7 241 31 240 224 68 200 2 125 254 124 47 35 159 59 115 239
    155 174 190 255 63 229 192 107 64 2 0 15 248 5 248 4 0 28 129 224
    130 254 232 0 0 162 120 0 31 27 65 235 159 15 156 103 63 230 227 232
    174 5 254 59 124 67 255 31 255 31 248 55 125 255 98 125 239 93 33
    191 175 59 95 244 120 239 121 191 0 57 190 161 193 5 207 28 112 0
    112 7 249 255 240 6 105 255 251 96 2 72 0 47 159 123 123 145 255 248
    153 127 14 52 40 227 14 2 209 61 240 1 254 12 1 30 6 58 0 26 32 15
    128 141 70 35 175 123 99 204 159 164 200 63 0 44 96 234 30 6 0 143
    248 4 248 7 128 19 199 142 106 56 98 126 248 34 1 4 159 27 99 243
    143 158 184 103 127 202 66 227 225 0 0 0 16 0 0 3 0 28 119 128 138 0
    36 32 32 64 48 1 159 122 0 19 158 88 154 103 255 198 41 67 232 255
    255 192 65 248 52 8 26 31 128 249 128 0 35 192 127 193 186 235 228
    245 0 12 12 0 128 5 249 206 86 31 11 1 200 24 6 0 7 135 251 143 240
    4 128 16 98 0 192 12 32 3 158 232 174 20 92 97 101 159 255 191 16 67
    248 1 188 32 60 1 234 7 74 62 56 104 127 117 38 253 254 77 241 131
    239 27 127 179 96 223 124 111 0 58 60 225 140 6 111 143 240 23 248
    29 241 28 249 133 175 255 224 48 66 2 0 4 159 27 67 207 158 95 137
    103 63 194 227 227 168 1 192 255 248 31 255 215 255 255 243 143 31
    253 34 0 0 3 240 99 30 139 253 251 179 239 154 94 6 49 5 224 127 14
    38 15 56 0 227 247 254 225 255 6 63 190 223 248 110 64 63 253 152 59
    63 240 125 167 58 209 12 27 225 225 194 126 64 128 144 0 82 87 243
    157 195 232 127 255 130 0 1 130 3 129 159 251 127 243 153 156 186
    127 127 166 195 147 85 30 23 136 0 0 156 31 255 158 31 0 127 252 103
    252 143 69 127 129 127 251 111 251 92 108 125 255 28 57 222 99 208 1
    172 30 7 0 28 71 224 19 248 4 113 224 226 120 192 12 0 63 159 248
    100 79 141 28 197 55 255 236 208 67 196 62 3 196 0 0 30 71 251 223
    199 202 127 250 2 0 19 194 3 2 191 251 126 107 191 156 136 159 255
    183 227 211 71 127 63 225 240 96 0 123 255 252 29 250 10 126 61 255
    255 246 127 251 103 251 120 155 191 220 154 127 0 30 6 175 216 141
    198 8 6 0 31 199 249 47 240 0 20 31 227 32 66 68 33 12 156 252 159
    156 98 224 71 158 254 35 33 66 232 6 6 15 124 7 255 199 253 233 254
    6 126 115 219 224 2 76 3 255 158 139 223 236 125 255 126 114 12 54
    122 227 146 1 160 15 255 223 228 7 32 15 224 5 240 0 35 112 254 71
    255 43 142 5 128 108 12 3 118 80 143 232 252 97 96 1 128 47 248 16
    224 7 59 31 128 255 123 252 98 1 209 190 240 11 127 27 65 251 156
    234 185 124 255 248 47 241 15 5 6 24 15 0 28 7 1 156 60 4 0 104 44
    184 128 68 37 67 79 252 252 207 187 156 132 111 127 170 97 130 240
    14 55 8 28 1 206 31 255 159 30 15 125 254 98 252 237 77 127 130 255
    122 127 254 88 108 121 159 28 57 30 195 208 97 255 62 227 252 62 7
    255 255 248 37 139 242 235 193 7 157 0 14 30 251 28 204 125 248 131
    31 127 54 193 18 63 1 128 111 248 126 120 4 2 31 0 255 191 240 98 3
    209 186 208 195 111 31 231 203 29 30 154 127 3 60 99 250 15 18 0 228
    50 5 252 48 16 24 135 196 126 232 0 15 56 161 15 129 223 59 115 207
    131 254 136 103 63 196 220 227 55 1 193 31 224 28 120 7 118 223 194
    32 159 255 56 0 0 128 120 1 159 59 91 237 251 248 139 127 255 246
    225 106 106 12 3 24 115 5 248 56 24 17 143 6 107 232 19 30 61 205 71
