<?xml version="1.0"?>
<opencv_storage>
<desc type_id="opencv-matrix">
  <rows>150</rows>
  <cols>32</cols>
  <dt>u</dt>
  <data>
    4 2 61 127 159 255 7 241 159 254 15 128 22 224 126 40 77 79 148 159
    73 255 252 252 229 249 255 4 52 44 99 214 6 7 15 127 159 255 7 225
    157 254 7 128 22 232 122 40 77 27 148 159 101 255 220 92 101 131 159
    0 52 41 67 198 251 252 0 15 252 30 6 255 159 192 49 146 190 227 133
    215 157 116 3 124 252 128 76 127 144 134 95 0 63 222 22 56 6 3 31
    127 159 255 7 225 157 254 7 128 22 232 126 40 77 31 148 159 109 255
    220 92 101 195 159 0 52 41 67 198 2 80 47 111 143 255 199 255 239
    195 22 85 222 251 143 249 189 255 206 95 248 255 252 124 236 135 159
    0 57 94 226 63 113 253 255 144 32 126 14 97 156 112 54 122 26 2 45
    199 188 0 3 175 123 123 141 191 224 138 127 63 172 42 191 248 193
    255 127 159 159 135 7 126 7 224 23 101 215 227 67 31 157 80 3 144
    196 128 4 4 33 101 152 0 29 233 145 14 2 241 255 240 177 254 6 9 159
    3 151 235 218 227 199 189 188 15 140 111 59 115 253 157 231 152 127
    63 188 234 233 80 19 249 255 112 176 120 14 9 156 14 23 235 210 87
    159 253 190 15 132 111 123 115 245 157 228 152 127 63 172 250 239 70
    1 134 31 251 12 254 6 0 31 220 7 191 254 226 0 0 77 0 43 143 123 63
    240 124 108 190 95 7 58 223 226 56 1 6 31 250 4 254 7 16 31 206 7
    255 220 226 0 1 77 0 35 143 123 127 254 92 108 190 95 5 57 223 227
    184 14 0 0 127 7 255 135 255 255 195 135 195 255 235 199 63 65 252
    252 95 123 63 252 124 239 183 95 0 57 220 226 47 5 134 62 56 0 254 7
    250 103 206 6 127 244 99 8 15 205 2 3 159 123 127 110 120 92 190 95
    14 59 216 227 84 19 57 255 112 32 112 14 1 222 15 7 235 146 230 159
    157 140 15 254 111 123 115 243 157 236 152 127 63 188 234 238 17 14
    127 142 62 0 1 247 255 231 254 7 206 2 191 254 63 77 140 43 240 138
    13 146 92 111 120 88 8 54 28 193 243 4 6 206 126 7 248 7 248 29 255
    132 120 124 59 111 28 65 144 35 159 27 99 239 156 255 125 103 31 202
    88 227 127 3 253 190 126 7 252 7 255 223 8 6 127 242 224 1 131 141 0
    0 63 27 251 255 253 236 180 255 10 55 222 226 252 18 49 242 112 32
    112 14 1 222 15 134 107 242 164 159 185 189 108 243 111 123 113 155
    157 156 136 127 63 180 159 238 52 15 127 63 120 6 65 247 255 231 254
    7 7 2 59 248 15 93 0 3 248 11 137 178 92 123 121 124 8 23 148 225
    103 14 23 8 71 135 63 39 236 98 126 0 128 127 239 254 136 76 55 235
    88 232 128 76 3 16 194 128 0 19 96 66 184 3 253 190 62 7 252 7 255
    223 24 6 127 242 224 1 131 141 0 0 63 26 123 255 157 236 180 255 2
    55 222 226 252 5 255 63 112 151 225 247 255 239 246 7 3 2 43 228 7
    93 192 11 152 11 9 179 124 95 137 124 0 23 144 225 245 5 135 62 9
    128 123 199 251 135 222 7 127 252 35 72 31 77 68 11 158 251 127 99
    128 30 158 126 14 51 216 195 124 1 1 127 232 3 224 7 0 239 63 6 95
    191 39 191 0 62 31 195 95 3 95 243 123 159 126 253 7 55 214 225 247
    126 102 193 0 96 48 55 253 25 225 250 71 160 255 243 127 242 191 252
    217 251 66 19 7 20 136 112 32 31 162 159 67 97 253 125 131 252 126 7
    255 255 240 59 128 75 235 1 199 140 0 14 31 251 31 206 123 220 128
    127 127 252 96 27 116 30 0 0 48 0 16 6 1 223 29 135 142 42 228 1 0
    64 0 2 15 123 64 235 159 156 154 127 127 254 65 226 206 1 128 127
    190 7 254 71 115 223 14 7 127 212 32 127 56 29 31 1 159 26 127 251
    252 239 126 255 6 56 249 225 210 1 176 60 107 140 254 6 16 103 136 5
    159 203 227 31 249 141 127 203 78 248 188 236 127 224 150 93 0 53
    209 66 212 62 6 0 0 192 254 7 137 159 240 104 146 240 107 160 199 69
    112 4 79 123 127 253 157 248 158 95 127 190 225 7 232 14 47 222 192
    0 224 9 192 28 127 4 79 239 108 250 34 66 155 253 143 27 65 251 154
    254 171 231 31 205 150 225 207 5 134 63 224 17 126 87 255 223 192 96
    58 58 233 0 199 254 32 0 191 59 126 13 159 215 154 127 12 62 1 105
    57 1 255 62 123 157 252 70 9 247 248 5 144 251 163 193 95 141 127
    139 111 251 125 239 191 220 150 127 0 54 209 83 98 1 134 127 192 0
    48 7 96 95 240 6 103 255 227 96 6 94 0 111 159 59 17 176 125 232 137
    127 0 53 30 226 47 5 134 62 240 17 126 23 255 223 192 96 186 110 233
    0 199 94 32 0 191 59 126 15 159 223 154 127 30 62 1 105 56 24 128 0
    112 69 248 8 0 28 33 249 187 255 224 0 0 51 207 0 47 27 64 75 159
    159 152 103 31 230 225 236 86 193 152 56 121 252 254 6 1 24 124 11
    255 217 16 120 192 12 39 130 143 125 123 237 179 224 184 103 0 36
    254 19 216 1 128 127 62 3 224 7 0 31 62 7 0 0 98 120 0 67 240 11 159
    11 65 243 140 7 121 224 191 237 214 225 249 2 9 142 28 0 6 7 241 31
    255 132 67 0 226 40 0 34 129 11 159 122 124 21 135 224 120 95 255
    169 22 227 255 65 248 127 241 253 120 4 120 31 240 59 255 240 107 1
    192 157 96 14 31 59 64 77 157 128 154 119 0 60 253 127 28 30 6 128 0
    0 7 135 255 223 193 132 126 74 43 5 135 225 129 3 158 248 156 4 123
    224 72 159 255 60 30 199 245 193 221 125 159 46 31 199 123 223 200
    41 148 255 227 12 131 140 47 131 158 244 184 76 249 224 246 158 0 57
    223 159 48 5 63 254 255 15 224 27 250 14 126 5 224 118 226 250 47 77
    144 35 175 2 237 219 76 95 157 111 0 10 24 225 239 4 0 0 0 0 30 87
    255 159 248 8 127 254 35 192 0 66 0 2 31 251 127 235 153 156 152 127
    255 231 227 194 69 4 6 12 224 0 126 7 255 223 60 8 64 255 228 96 0
    64 0 3 191 251 95 206 123 172 137 127 127 190 106 226 101 30 247 226
    96 33 248 7 255 159 227 246 104 122 227 231 255 243 159 255 191 59
    115 13 159 225 137 127 63 252 16 237 39 253 254 228 7 8 63 7 253 31
    241 132 176 83 235 115 254 64 30 188 156 252 59 140 196 224 133 31
    255 60 33 23 2 126 0 1 64 240 30 199 255 255 13 222 127 250 28 16 96
    50 11 128 95 251 127 11 191 156 136 191 127 182 191 19 199 5 4 9 243
    220 61 135 244 227 248 59 129 252 125 120 194 92 15 252 156 255 128
    12 29 16 129 16 0 58 3 179 192 14 0 0 48 0 0 7 129 223 29 132 142 58
    224 0 0 64 80 0 31 123 80 235 191 156 184 127 127 254 218 226 206 1
    183 127 191 28 248 7 249 29 254 7 121 200 3 127 254 124 1 235 159 22
    121 251 179 236 137 247 0 40 218 242 177 18 1 252 0 0 48 6 0 31 127
    128 111 187 162 123 32 0 0 43 159 59 0 235 143 136 129 191 0 38 209
    103 174 6 2 143 248 4 248 1 192 29 255 159 2 62 235 254 40 98 129 0
    159 27 99 251 143 14 152 103 255 222 225 227 203 193 216 127 255 255
    248 4 1 222 48 59 127 240 0 5 192 157 112 3 175 7 195 253 157 231
    250 127 0 32 255 191 184 1 200 63 121 135 65 199 253 249 240 7 123
    239 251 224 0 28 0 4 158 137 152 3 115 219 88 114 14 52 59 193 225
    77 6 92 0 0 3 231 230 226 127 132 9 107 156 232 2 64 20 4 144 250 28
    2 115 24 65 136 254 116 1 17 186 220 150 32 7 238 31 183 254 47 243
    1 128 255 235 239 255 76 124 11 88 252 132 76 116 32 197 156 254 81
    97 6 118 15 238 15 232 7 255 247 255 223 240 22 0 254 57 0 199 247
    224 2 24 251 127 237 248 255 190 94 12 59 86 227 233 254 227 128 65
    224 16 8 30 31 3 248 0 0 99 135 127 225 222 235 97 249 0 12 143 0
    129 13 249 220 69 14 39 6 0 8 0 0 62 199 255 223 120 26 111 250 34 0
    0 66 0 11 159 251 127 143 189 220 136 63 255 254 163 226 13 1 200
    127 240 61 248 6 126 95 32 23 31 255 236 0 0 146 0 0 31 59 91 221
    255 252 139 127 255 248 131 234 62 249 255 246 131 248 31 249 111
    232 61 228 0 48 31 255 238 127 239 255 108 244 190 12 61 144 135 15
    96 7 212 30 241 22 91 239 224 1 224 72 135 30 55 196 66 232 44 39 2
    51 223 128 47 27 96 11 143 31 120 47 63 250 212 225 223 254 7 192
    128 32 0 121 255 208 31 232 3 252 125 194 13 98 254 80 112 187 0 11
    159 16 136 32 252 219 192 238 63 1 128 127 224 17 232 135 112 103
    226 6 95 227 226 3 0 63 222 127 31 27 125 251 6 31 251 253 6 53 28
    240 127 0 0 60 7 128 31 7 194 103 30 7 191 255 224 3 0 77 0 20 31
    252 31 204 124 100 134 157 255 253 25 18 223 124 0 0 3 0 16 7 240 31
    248 0 98 254 99 0 0 67 240 235 159 248 0 79 143 0 128 125 255 234
    126 6 13 193 192 3 243 254 16 4 0 31 128 123 2 116 34 0 80 190 254
