<?xml version="1.0"?>
<opencv_storage>
<desc type_id="opencv-matrix">
  <rows>150</rows>
  <cols>32</cols>
  <dt>u</dt>
  <data>
    30 0 197 193 252 60 30 129 156 63 250 72 0 16 0 0 34 0 0 15 123 114
    13 191 248 130 63 255 230 238 106 251 30 0 197 227 253 254 30 129
    156 63 249 128 10 16 0 0 34 0 0 31 123 115 77 191 164 129 127 255
    230 234 110 127 30 0 128 195 253 62 31 255 156 39 248 64 10 16 2 0
    34 0 0 31 251 115 77 191 164 128 63 255 230 234 110 59 30 0 192 224
    240 34 30 1 156 15 248 111 8 16 3 0 50 128 0 46 59 52 16 63 131 8 95
    255 230 131 108 255 115 249 247 248 255 224 8 15 30 9 255 255 218
    175 159 253 191 255 227 103 3 0 99 159 3 154 108 0 52 255 252 33 0
    209 255 254 7 72 31 33 24 103 4 127 248 61 239 176 13 244 18 159 10
    243 219 141 158 120 103 2 46 25 226 126 1 128 31 252 3 206 6 0 31 12
    31 126 128 32 12 128 29 255 242 143 2 255 241 140 111 126 255 7 41
    252 225 184 0 128 111 188 0 8 31 163 156 113 132 111 248 36 227 96
    105 249 227 31 122 121 253 159 232 120 175 0 35 145 226 174 65 184
    127 248 52 244 7 80 15 220 31 127 223 227 56 200 141 3 239 223 123 1
    254 28 32 186 93 2 44 255 239 133 30 6 133 240 245 252 23 229 220
    255 249 130 186 221 224 0 98 1 124 31 59 112 111 159 156 136 127 127
    254 226 106 215 1 128 127 248 20 246 7 80 111 206 15 255 223 227 56
    40 77 3 239 223 123 5 254 61 32 186 93 0 60 255 235 133 126 2 193
    240 240 255 31 135 156 63 251 128 27 20 3 0 114 128 0 47 123 127 180
    185 225 137 95 255 164 39 111 255 3 43 62 126 7 200 6 208 25 206 4
    255 255 171 26 8 141 120 11 223 10 195 241 227 255 125 179 0 35 56
    97 106 239 254 0 7 200 7 159 255 156 120 4 124 3 236 112 231 77 127
    58 176 228 128 12 114 96 70 152 254 70 159 19 224 30 7 247 192 240
    126 23 255 223 63 254 105 222 16 15 2 114 148 0 191 123 123 253 187
    224 137 95 127 180 174 239 255 249 255 112 4 96 31 223 127 223 248
    120 96 128 43 1 199 141 224 3 60 252 188 76 191 144 192 159 112 63
    222 14 252 97 255 255 224 255 255 136 110 103 124 59 0 3 173 252 231
    140 63 227 103 19 127 2 90 95 136 127 0 54 225 124 240 81 248 247
    240 32 64 23 127 223 224 246 11 224 194 117 247 191 255 60 159 59 64
    19 159 152 89 127 0 28 128 239 225 225 248 127 176 48 0 70 127 223
    224 254 107 170 235 113 247 191 255 14 159 59 64 19 159 152 137 126
    0 54 129 191 225 62 127 8 7 128 0 0 192 3 252 8 255 241 226 124 230
    133 45 47 131 252 0 203 4 8 135 32 255 233 221 19 225 4 2 8 31 135
    255 247 254 103 230 7 191 253 163 46 51 77 52 0 152 248 31 242 96
    239 119 156 12 17 31 65 248 1 255 62 2 0 28 7 255 255 254 4 2 224 99
    252 15 220 5 11 159 252 124 79 242 220 134 31 127 186 208 211 244 0
    128 12 49 128 56 6 3 31 2 15 250 232 0 0 1 136 0 0 175 123 120 75
    139 220 136 127 127 234 255 66 99 62 243 246 192 4 48 255 255 159
    135 196 122 64 109 255 255 161 158 2 112 155 96 11 157 16 128 126 16
    60 25 111 111 249 255 247 248 51 224 56 126 24 112 254 77 115 223
    255 255 190 9 165 161 3 67 243 156 111 121 224 0 4 6 237 193 1 240
    127 138 0 28 87 97 152 242 4 127 250 28 103 226 61 17 50 159 122 116
    207 159 156 148 103 6 38 153 227 250 1 236 8 15 137 59 7 240 15 248
    4 242 2 99 48 226 13 249 4 159 56 2 4 30 1 134 48 255 253 157 19 224
    5 159 30 63 7 255 87 255 157 252 4 144 20 99 252 134 76 45 63 159
    250 251 204 220 225 215 31 12 42 33 227 240 1 159 62 2 0 28 199 251
    31 254 4 3 224 35 104 7 92 0 3 159 250 127 15 64 92 135 127 127 186
    146 83 148 127 255 255 248 124 112 24 31 30 3 255 127 251 228 255
    255 191 255 188 231 11 80 235 191 218 152 111 0 142 252 237 142 127
    127 128 15 64 7 238 235 231 124 32 224 0 6 248 239 197 255 127 164
    248 52 15 29 16 196 28 48 54 124 6 225 249 255 112 132 96 31 159 255
    223 248 120 96 128 45 1 199 141 96 3 60 252 190 12 127 224 193 159
    112 61 254 30 252 133 254 56 15 0 7 151 255 239 120 6 124 0 130 125
    230 93 125 123 152 228 128 4 119 0 70 152 254 84 221 144 232 254 127
    144 0 96 31 155 239 156 127 104 128 15 100 240 127 66 43 165 164 250
    63 204 122 252 132 15 120 10 35 31 0 1 143 30 2 0 28 199 251 31 254
    4 3 228 35 96 7 76 0 3 159 250 127 15 64 92 135 127 127 251 210 211
    132 0 0 111 248 52 240 6 11 31 7 255 126 251 230 159 249 187 255 204
    111 59 127 243 167 223 152 127 1 54 222 233 71 30 79 220 64 0 240
    231 254 227 255 128 15 225 255 224 7 64 0 30 24 251 125 251 102 222
    186 120 24 27 194 110 31 1 134 62 97 128 96 135 96 103 246 7 143 129
    226 32 2 77 0 62 143 11 14 50 118 31 8 120 31 253 145 64 235 62 251
    246 2 0 48 126 255 159 131 196 123 242 109 255 255 161 30 2 122 187
    96 11 157 16 128 126 24 60 25 109 127 251 255 255 240 63 65 240 254
    99 193 255 104 96 235 255 255 190 224 12 112 7 140 3 68 95 88 56 128
    90 39 252 13 5 134 15 224 3 239 231 251 227 240 32 124 47 147 96 7
    92 0 43 158 187 127 178 114 255 120 156 30 55 26 224 9 65 255 62 3
    136 60 7 255 159 220 4 0 127 227 124 207 157 164 43 159 248 120 207
    249 248 134 95 127 186 81 19 241 1 128 103 52 3 192 4 0 23 152 214
    127 130 226 67 200 59 255 255 143 3 66 0 143 3 120 161 159 237 156
    225 7 1 128 63 240 216 96 6 0 31 206 31 74 127 227 2 0 93 0 14 15 19
    0 12 143 0 138 125 47 254 126 208 255 1 192 79 248 7 254 6 1 159 192
    143 123 54 237 0 0 162 128 16 15 59 127 180 220 111 26 127 31 186 47
    226 15 1 6 127 252 7 255 135 255 175 206 6 127 63 99 26 13 204 6 202
    95 11 127 176 114 255 126 223 14 58 26 224 18 158 48 0 7 2 0 119 187
    29 135 0 116 16 2 63 248 13 61 3 144 204 128 13 137 160 71 184 255
    197 104 3 240 158 48 0 7 0 0 119 147 17 135 0 112 240 2 62 248 141
    61 3 152 204 128 13 129 128 199 184 255 193 89 3 240 123 255 255 224
    48 1 148 254 207 193 240 111 2 233 7 247 178 128 0 48 3 0 50 63 7 40
    184 0 92 130 236 63 7 63 14 62 0 64 3 240 127 252 6 127 233 66 56 71
    77 0 13 175 10 80 15 179 216 216 117 31 236 222 225 232 6 3 207 240
    0 120 7 225 159 255 250 106 43 162 34 0 98 128 3 159 59 123 243 187
    222 152 127 63 166 111 235 255 7 31 254 74 4 127 7 240 255 254 4 91
    255 219 127 2 77 209 28 158 251 24 76 247 248 134 93 30 54 80 227
    255 6 3 14 63 7 254 7 254 223 246 5 191 206 224 2 0 9 128 4 31 122
    127 236 126 231 247 223 31 185 209 226 63 38 51 140 192 240 1 6 128
    7 199 136 135 6 227 124 253 128 43 47 132 229 128 16 12 0 10 80 255
    237 163 83 192 30 63 140 0 0 0 3 250 31 28 4 126 27 194 56 79 68 96
    13 111 27 96 3 139 134 118 191 63 198 88 225 232 1 128 79 248 7 254
    6 5 159 224 159 123 54 237 128 64 34 128 0 31 123 127 180 92 111 26
    95 31 186 47 226 15 123 255 255 224 48 1 148 254 207 193 240 111 2
    233 7 247 178 128 0 48 11 0 50 63 7 40 184 0 92 130 236 63 1 224 47
    248 255 192 7 120 247 224 127 127 255 195 97 254 191 202 15 159 7
    253 243 242 255 120 127 2 34 29 233 69 6 63 14 62 0 64 3 240 63 252
    6 127 233 66 56 71 77 0 13 175 10 64 15 163 216 216 101 31 204 222
    225 168 1 128 127 48 1 128 7 248 31 192 134 109 255 227 128 25 128 0
    94 95 27 96 243 131 251 121 191 31 187 56 224 3 1 128 126 255 15 255
    7 255 159 246 5 191 214 235 130 0 13 128 4 31 106 191 252 124 225
    127 223 15 57 217 224 63 6 64 14 12 3 239 199 248 231 195 4 84 63
    163 0 1 128 0 11 31 59 127 240 98 239 127 157 63 51 22 224 11 1 128
    3 64 0 32 0 0 23 128 54 111 0 2 1 0 187 223 235 143 27 99 179 140 31
    8 103 255 231 158 225 71 6 2 143 115 159 252 30 129 28 15 135 128
    128 98 2 0 65 0 15 47 27 113 239 143 158 128 127 31 175 209 98 63 1
    192 127 192 1 186 7 255 159 224 100 111 254 107 129 0 186 0 90 95 59
    127 241 159 239 41 191 63 59 186 234 23 6 111 12 58 1 248 2 128 31
    222 8 255 220 194 48 47 192 11 175 143 27 1 253 132 96 190 113 63
    232 255 227 193 1 192 127 192 0 186 7 255 159 192 100 111 254 107
    129 0 186 2 90 95 59 127 241 191 239 41 191 63 59 186 234 95 1 128
    78 28 3 239 199 248 231 193 132 126 47 227 1 240 34 0 75 95 59 127
