<?xml version="1.0"?>
<opencv_storage>
<desc type_id="opencv-matrix">
  <rows>150</rows>
  <cols>32</cols>
  <dt>u</dt>
  <data>
    1 128 79 252 31 254 6 1 222 97 222 127 192 108 1 64 34 31 176 159 11
    139 252 92 97 125 255 0 57 225 235 195 7 255 175 103 159 63 134 249
    143 240 135 193 4 227 109 231 141 32 2 174 228 159 16 116 119 65 159
    0 59 40 83 248 1 128 62 190 7 248 199 248 231 240 4 125 255 35 0 0
    76 125 11 159 10 225 255 128 238 181 252 14 50 120 225 240 1 128 127
    176 1 250 6 0 31 192 6 108 1 98 16 96 30 137 163 159 59 127 240 114
    239 57 255 3 56 158 227 129 6 48 47 127 159 31 199 255 167 255 7 128
    5 227 255 252 13 121 11 158 228 159 16 96 87 69 156 0 59 40 83 232
    19 217 163 224 1 254 14 1 156 32 118 104 126 32 7 128 188 0 2 47 123
    127 253 157 233 153 95 255 174 94 236 58 31 127 255 240 32 254 14 1
    158 12 119 203 210 111 155 253 188 14 4 111 123 115 245 157 224 136
    127 63 188 170 239 66 1 201 59 224 1 252 14 1 28 6 52 104 126 96 3 0
    156 0 2 15 59 115 253 157 233 153 127 63 174 106 234 62 1 217 59 224
    65 254 14 1 156 32 54 104 126 32 3 128 188 0 2 15 123 123 253 157
    233 153 95 63 174 94 234 62 31 255 250 8 1 232 49 248 81 248 36 160
    27 91 255 255 93 255 239 147 27 99 255 137 175 125 97 0 15 145 109
    196 1 192 127 254 15 252 7 56 31 194 6 127 223 227 3 16 185 144 3 31
    10 195 76 158 224 198 63 0 52 209 227 15 30 63 176 96 224 112 14 1
    156 15 31 107 210 228 159 253 157 227 251 111 59 113 243 157 160 152
    127 63 164 133 230 28 255 255 254 128 0 0 99 248 97 248 32 60 251 91
    255 255 77 255 255 144 190 0 243 129 128 60 240 0 12 81 31 196 249
    252 243 27 252 124 55 254 31 224 215 131 224 239 245 255 182 255 254
    216 252 188 207 196 216 135 95 0 25 222 31 193 159 255 230 192 0 0
    231 250 99 248 192 57 177 147 255 255 237 255 255 144 132 128 243
    129 168 189 208 0 22 145 105 128 6 33 207 240 29 248 7 225 29 255
    200 139 255 226 48 32 2 0 0 159 27 67 143 158 223 137 119 255 230
    163 225 139 31 127 240 112 96 240 14 1 158 14 58 107 210 231 156 157
    159 255 254 111 123 113 241 157 160 153 127 63 172 159 238 20 1 236
    56 0 0 124 7 127 159 240 0 3 254 239 224 198 12 32 122 95 123 15 206
    126 124 137 127 255 252 227 98 32 1 0 13 192 16 30 199 255 223 24
    218 111 250 34 0 0 66 0 3 31 251 127 203 189 156 136 191 255 246 99
    226 205 25 207 250 48 0 124 119 255 255 224 22 127 250 251 128 3 217
    144 205 31 123 127 203 191 222 154 127 20 54 1 238 63 1 0 5 192 16
    30 199 255 223 24 218 111 250 34 0 0 66 0 3 31 251 127 203 189 156
    136 191 127 182 99 226 205 249 252 243 159 252 126 55 255 31 224 255
    195 224 235 253 255 254 255 254 248 244 188 79 196 88 133 95 0 25 94
    31 192 237 255 255 128 112 1 231 252 99 249 232 31 201 107 255 255
    77 255 239 144 196 128 2 35 16 10 144 0 29 193 25 128 254 249 192 65
    224 16 24 62 31 1 250 64 0 98 131 127 179 254 235 97 249 0 12 143 0
    129 13 251 220 100 14 7 1 236 56 64 0 118 7 125 223 240 0 3 250 239
    224 198 12 32 122 159 123 125 147 157 252 136 95 255 254 163 102 96
    5 198 31 121 135 223 199 255 231 240 7 126 123 235 224 6 92 0 5 94
    201 255 115 181 151 126 124 14 54 123 226 233 73 4 0 0 224 21 135
    253 223 252 232 15 206 125 176 64 66 12 208 94 251 4 222 94 40 139
    94 255 57 131 15 161 204 0 0 7 192 28 7 240 31 240 58 0 128 34 32 2
    92 0 3 156 252 0 77 141 0 130 145 255 237 226 19 136 28 224 227 224
    1 254 23 255 159 129 246 106 154 98 119 255 243 157 163 255 123 125
    237 189 227 136 95 191 188 217 237 163 6 6 15 124 2 195 199 254 231
    192 7 126 243 227 0 7 204 0 5 31 10 247 115 61 151 126 124 12 54 227
    226 56 255 63 230 128 48 0 227 254 99 221 192 31 225 99 255 255 237
    255 255 208 196 128 243 161 152 170 208 0 29 65 29 200 62 0 128 0
    192 62 95 255 156 13 250 127 250 4 0 1 226 15 128 127 251 127 11 159
    156 136 31 255 230 239 147 245 97 223 63 131 252 124 7 255 223 240
    59 64 95 235 1 131 141 0 28 31 251 19 206 123 132 128 127 127 189 96
    26 118 1 255 255 240 1 88 121 96 16 252 6 127 96 105 120 14 2 0 37
    159 27 99 203 141 30 218 103 31 200 26 235 35 126 48 32 0 240 61 215
    255 223 120 224 143 186 157 255 252 12 119 165 222 251 120 207 189
    220 130 126 127 118 160 23 248 18 192 0 0 128 54 6 0 255 243 192 79
    11 232 66 0 2 0 5 143 123 31 178 127 156 128 159 127 183 130 7 15 1
    255 255 113 135 62 39 254 247 248 7 79 136 107 249 255 221 186 235
    159 123 242 5 159 149 137 191 0 29 208 227 3 2 64 1 248 1 200 0 0 16
    1 248 126 192 0 7 240 189 255 18 79 27 115 107 141 159 122 103 63
    236 197 234 127 127 127 169 48 240 3 251 255 224 252 31 161 0 61 251
    143 220 0 99 112 249 52 19 9 16 9 24 254 214 23 144 23 110 0 0 19 0
    124 7 255 255 31 11 192 127 236 128 0 67 136 0 95 251 95 206 127 252
    129 127 127 247 126 146 231 1 0 24 152 0 216 103 215 215 30 40 127
    248 36 8 0 77 149 64 95 59 119 251 141 142 184 127 255 248 30 238
    255 126 48 32 67 252 61 199 255 255 57 233 139 128 29 255 252 44 127
    225 222 251 120 207 189 248 130 62 127 52 225 19 248 6 77 140 64 0
    30 87 255 223 48 8 127 250 4 0 2 129 14 0 63 251 127 235 157 156 136
    95 127 183 239 99 113 62 46 0 65 192 126 7 193 156 124 41 146 238
    231 248 76 66 1 255 207 251 60 239 127 216 150 95 255 172 227 6 128
    5 142 62 6 2 31 7 253 255 252 4 1 254 251 1 2 88 0 253 30 252 152 12
    253 224 199 30 255 61 208 66 191 6 0 15 248 1 200 39 224 83 247 250
    127 224 18 110 0 50 13 37 159 27 115 235 141 159 120 103 63 218 198
    226 247 101 204 32 15 1 60 7 240 223 216 4 0 255 224 1 131 205 128
    28 31 248 16 76 127 240 135 31 127 188 209 18 255 1 147 30 0 0 112
    199 249 215 254 6 105 235 35 124 0 13 245 43 158 155 64 251 155 222
    137 124 14 62 220 227 252 127 255 254 128 0 192 115 252 97 248 4 32
    27 91 255 255 93 255 239 144 27 97 243 129 170 124 240 0 15 81 109
    224 4 230 31 250 31 255 247 255 255 194 23 195 248 57 6 119 223 248
    0 190 251 125 251 189 239 153 94 14 61 30 225 239 4 0 0 184 0 240 7
    208 31 201 232 127 249 2 0 0 66 31 0 31 27 123 243 177 255 56 119
    255 229 163 233 227 1 132 59 224 208 112 15 65 156 120 63 107 226 80
    8 128 93 109 180 143 59 112 51 157 155 152 127 63 174 62 225 240 253
    254 228 128 32 0 35 248 33 248 232 31 225 83 255 255 109 255 255 144
    244 128 11 131 16 66 0 0 12 193 31 232 0 192 15 224 253 248 24 1 28
    35 249 191 255 224 0 0 34 71 0 15 27 67 207 155 223 139 103 63 198
    161 107 86 6 15 12 0 0 0 199 240 99 254 0 147 255 194 40 0 68 45 63
    152 184 0 51 1 16 31 80 0 34 19 80 240 92 0 0 1 192 124 7 129 29 226
    32 130 254 235 246 248 76 120 5 207 123 112 109 159 128 148 95 127
    190 225 7 168 3 217 238 254 7 232 4 32 33 241 132 124 101 3 71 130
    59 212 11 159 10 239 179 64 31 127 161 255 235 17 225 63 1 128 127
    248 7 224 7 18 23 14 0 127 192 98 2 0 72 4 14 159 3 225 251 140 238
    253 255 159 232 62 232 62 31 255 58 8 0 192 103 252 49 248 36 96 17
    123 255 254 93 255 239 144 11 96 251 129 168 124 112 0 30 89 229 184
    254 50 231 192 248 0 33 248 33 207 232 0 1 195 127 252 109 127 255
    144 196 128 140 128 96 130 32 0 2 0 31 232 1 247 62 103 135 255 199
    249 153 242 7 254 159 251 100 246 77 239 191 158 249 255 108 138 7
    162 190 14 36 221 99 148 25 253 243 224 97 248 6 121 159 249 244 104
    126 227 253 254 178 172 123 159 59 113 221 159 251 137 127 63 190 18
    236 177 25 253 243 224 97 248 6 121 159 249 240 72 126 227 253 254
    178 172 123 159 59 113 221 159 251 137 127 63 190 22 236 177 31 255
    254 24 0 64 103 252 33 248 4 224 1 235 255 255 221 255 239 145 26 64
    251 129 136 188 112 0 30 88 229 180 31 254 226 0 0 120 247 255 249
    241 196 106 127 251 255 254 118 224 62 159 251 127 251 255 220 136
    127 16 54 82 238 44 7 15 29 224 245 120 6 198 31 62 40 139 255 236
    128 0 66 112 0 47 27 67 205 255 252 139 111 63 242 163 98 168 15 126
    0 4 0 15 199 249 231 248 192 0 15 147 121 254 68 127 239 156 250 62
