<?xml version="1.0"?>
<opencv_storage>
<desc type_id="opencv-matrix">
  <rows>150</rows>
  <cols>32</cols>
  <dt>u</dt>
  <data>
    97 200 16 0 0 124 30 7 220 0 0 58 170 156 128 25 128 0 84 111 123
    112 111 191 220 134 127 255 230 193 22 0 5 132 2 112 1 248 7 244 225
    248 132 175 240 29 113 230 127 255 251 159 59 127 251 156 95 152 119
    4 63 145 99 229 30 127 140 48 0 208 103 254 55 254 5 129 247 235 254
    191 205 255 131 251 187 121 251 192 220 185 124 0 54 212 227 120 1
    160 111 224 149 248 7 252 241 240 198 63 240 29 119 246 126 255 251
    159 59 127 251 157 222 165 247 0 63 209 227 204 14 79 207 240 112
    120 30 5 220 1 251 106 66 156 1 7 242 128 0 175 59 127 179 159 223
    152 127 255 244 46 235 79 62 127 140 16 0 80 247 255 35 247 4 103
    255 235 254 63 205 127 139 123 187 112 107 129 222 153 124 0 63 215
    227 24 1 204 94 16 0 0 7 248 87 192 132 96 8 107 0 3 130 0 11 95 122
    96 3 143 128 88 63 127 186 144 227 75 0 0 13 112 1 224 6 0 31 192 26
    105 12 99 0 0 128 0 11 143 11 67 51 130 7 105 189 255 234 46 225 0
    15 62 8 56 0 208 87 255 191 252 15 67 255 111 252 239 77 255 235 223
    123 124 107 161 222 185 127 0 63 92 227 248 14 63 9 56 0 240 247 255
    151 222 31 71 127 239 252 239 77 255 227 255 59 125 251 192 238 184
    126 8 63 28 227 248 31 255 128 2 0 124 94 255 220 0 0 122 170 156
    128 87 196 0 84 111 123 120 77 191 216 134 127 127 166 233 70 0 1
    232 120 192 36 252 30 31 220 0 96 2 138 156 128 89 132 0 84 127 123
    115 111 191 220 130 127 255 246 192 110 0 5 238 254 16 0 0 71 251 31
    192 132 64 0 227 1 223 192 0 47 159 250 116 139 133 128 216 31 255
    239 144 226 13 0 0 13 224 1 224 7 144 31 192 58 96 4 227 0 0 0 0 47
    159 11 67 50 68 23 105 189 255 248 46 225 0 15 255 254 0 0 7 215 255
    159 226 4 124 72 35 195 119 205 0 75 126 250 60 15 187 144 192 159
    255 60 24 194 6 6 0 14 0 0 8 7 240 87 241 134 65 255 99 0 0 2 0 10
    159 122 64 13 138 80 73 61 127 250 16 226 251 1 199 127 224 0 0 7
    255 31 194 4 104 254 99 0 23 205 0 11 95 59 96 1 159 17 8 63 14 62
    92 225 72 6 224 12 96 0 112 7 255 223 128 4 15 130 237 128 127 141
    62 68 127 123 64 79 159 144 154 127 127 191 192 98 0 65 224 118 64
    176 248 103 56 241 227 132 191 192 27 231 254 62 127 191 159 59 125
    251 189 222 148 119 0 61 217 79 74 6 14 12 16 0 16 7 255 223 12 4 14
    2 237 128 29 205 62 84 127 123 64 203 159 152 154 127 127 190 64 226
    8 14 23 254 194 127 255 251 255 224 159 96 0 3 159 255 143 76 31 237
    240 251 127 142 96 39 133 152 0 21 0 121 50 15 255 191 112 0 0 63
    255 223 254 7 0 0 99 255 127 93 0 235 185 75 230 3 28 22 9 127 8 30
    208 226 6 62 55 174 132 27 31 251 255 224 103 228 96 32 221 255 63
    122 95 181 224 255 127 14 76 95 65 162 0 3 0 123 94 1 253 124 224 0
    39 134 127 31 240 0 139 32 105 1 199 141 96 26 158 235 62 4 124 81
    10 31 255 250 28 109 4 1 255 125 251 15 240 198 127 223 254 27 255
    234 235 252 15 141 116 0 159 3 252 107 159 31 184 127 0 52 254 225
    252 1 252 127 248 124 224 92 127 159 248 127 122 42 34 113 231 191
    253 3 175 7 240 51 159 155 152 127 3 238 189 248 225 1 253 127 240 1
    255 6 127 223 192 54 40 22 107 5 255 156 96 10 191 123 63 180 124
    103 136 95 255 254 33 235 0 1 193 127 240 1 128 7 96 31 242 0 105 96
    35 64 0 0 0 3 159 3 0 179 128 27 121 176 255 248 41 233 0 15 255 158
    224 16 118 7 255 223 248 0 30 130 235 240 223 204 104 78 127 123 116
    5 159 144 154 95 12 60 193 98 32 6 95 142 0 0 60 87 251 159 7 132
    112 0 34 12 3 128 64 11 63 251 113 207 179 160 133 191 127 172 88 99
    180 6 7 142 16 0 0 7 232 31 255 134 67 255 235 238 0 114 0 122 95
    248 128 223 218 248 153 95 127 186 16 226 191 14 239 239 224 0 51
    231 253 225 241 196 65 126 91 99 127 114 138 126 159 251 127 179 127
    223 137 95 12 62 18 234 7 1 248 24 8 0 240 7 252 95 240 0 146 226
    235 224 254 12 62 126 159 123 2 96 63 148 158 127 127 188 193 66 64
    14 63 159 48 0 30 95 255 158 126 23 96 42 239 254 191 93 111 254 254
    250 124 239 159 248 233 159 12 62 216 226 208 1 248 126 254 7 232 7
    96 31 112 132 119 240 96 61 224 61 253 128 31 10 192 15 157 23 85 39
    223 201 85 225 228 63 255 189 60 0 1 255 255 159 254 31 78 8 235 255
    255 205 255 235 252 250 48 147 191 160 120 158 8 61 60 193 208 18
    249 187 224 112 242 6 63 159 195 122 107 242 239 255 255 157 254 255
    239 123 61 243 125 47 137 95 255 252 158 232 0 62 255 231 248 0 124
    255 255 159 195 192 159 227 235 127 255 160 15 163 255 251 126 75
    198 220 154 127 0 53 193 235 81 253 255 247 128 48 0 120 127 16 61
    224 79 251 230 191 199 226 45 94 96 251 32 3 143 16 139 78 112 12
    194 254 241 1 192 28 2 1 252 7 243 159 192 4 120 255 226 0 0 141 0 2
    159 251 121 207 251 248 133 63 63 62 88 98 248 0 0 0 16 0 120 198 3
    31 0 0 171 96 34 0 0 0 0 3 47 123 127 179 137 30 152 127 127 234 41
    67 0 1 224 91 144 0 24 71 248 231 224 126 65 255 219 96 126 179 136
    126 159 251 125 219 247 252 153 125 127 62 22 238 1 0 0 12 240 1 224
    6 0 15 198 0 105 96 34 0 0 128 0 11 143 27 67 179 8 31 25 117 191
    234 41 225 0 7 255 255 224 20 191 199 251 231 247 134 109 127 211
    115 63 250 194 239 159 251 127 243 126 223 137 159 12 39 16 226 7 1
    236 12 240 144 112 7 251 31 192 9 138 112 227 0 127 132 0 35 159 59
    127 179 228 223 154 127 255 250 35 99 0 1 128 12 96 208 112 135 248
    39 192 137 138 96 35 0 89 128 2 235 159 59 111 179 68 95 152 125 255
    242 35 96 0 1 128 126 248 17 248 7 125 253 240 4 255 248 27 255 224
    61 223 251 159 27 115 243 189 135 124 247 0 61 121 97 255 1 248 127
    224 49 248 7 120 255 240 4 191 240 27 127 240 189 159 191 159 27 83
    243 189 175 188 247 2 63 209 107 255 24 0 195 240 1 192 7 184 79 193
    250 72 2 227 0 80 178 128 11 159 11 3 48 92 39 120 252 191 244 6 236
    1 31 255 244 16 0 80 231 254 35 248 134 91 253 107 255 255 204 119
    235 91 187 112 75 131 156 154 120 0 26 222 231 88 3 255 253 123 141
    249 198 127 199 206 31 123 232 107 252 127 141 125 11 239 27 102 99
    31 23 188 126 0 60 254 193 224 1 57 255 240 23 248 0 0 24 31 192 47
    248 18 63 168 44 15 255 207 11 243 77 163 249 121 167 3 166 195 235
    147 13 238 13 96 0 127 247 255 243 240 26 105 120 127 224 222 68 0
    26 94 251 127 155 255 252 137 94 30 58 62 226 0 15 46 0 62 7 63 247
    255 227 248 62 120 47 223 240 255 127 235 255 216 250 127 140 242
    249 65 152 28 50 62 226 133 13 198 13 224 4 119 247 255 243 240 26
    107 120 63 224 87 68 0 11 94 251 127 147 191 254 137 94 28 58 46 226
    0 19 121 255 240 49 246 6 31 159 143 31 75 230 227 223 253 188 127
    255 239 123 127 48 124 119 153 95 255 188 190 232 2 7 31 254 200 5
    254 15 225 222 127 132 113 139 22 235 2 114 80 0 47 123 115 237 187
    224 183 255 255 229 193 226 254 5 31 255 138 5 252 15 193 220 127
    132 87 203 22 234 2 114 68 0 47 123 115 239 187 236 151 127 127 229
    192 226 254 16 241 255 240 52 240 12 31 159 3 254 107 250 237 143
    189 179 190 210 111 27 113 243 157 238 185 127 3 188 32 236 59 1 232
    31 56 0 254 7 123 31 224 31 191 21 163 192 247 157 104 131 95 251 63
    252 116 232 154 95 6 50 5 227 0 1 249 63 255 159 254 7 241 159 242
    31 224 18 227 100 146 13 96 47 159 125 255 204 220 225 128 159 2 37
    190 211 60 31 255 152 16 0 6 87 255 159 216 4 105 170 239 152 207
    204 33 252 126 250 48 13 159 208 137 95 255 62 192 226 128 1 249 63
    255 223 254 7 113 159 240 31 96 2 227 68 146 141 96 13 159 125 251
    204 156 225 128 159 2 37 190 243 56 1 255 127 240 17 96 7 127 223
    224 54 126 56 235 225 247 253 0 30 127 59 112 1 159 147 24 127 15 58
    88 232 4 1 2 62 127 135 192 71 225 255 254 7 255 224 19 104 0 93 199
    10 159 8 252 75 191 219 125 95 6 60 221 192 220 1 132 11 250 92 224
    7 114 31 248 63 127 40 2 60 192 127 247 3 159 3 80 243 187 219 184
    127 143 238 158 160 248 1 255 63 127 159 252 7 120 113 240 7 144 120
    59 237 254 141 100 251 159 21 115 253 161 225 254 113 255 218 92 80
