<?xml version="1.0"?>
<opencv_storage>
<desc type_id="opencv-matrix">
  <rows>150</rows>
  <cols>32</cols>
  <dt>u</dt>
  <data>
    5 164 10 112 4 248 119 255 17 248 23 143 224 99 113 238 125 255 191
    159 59 127 251 132 222 136 127 4 11 149 227 193 1 249 125 255 15 240
    70 127 215 224 27 255 192 107 253 255 141 112 1 159 11 118 99 159
    151 190 127 0 60 254 224 236 1 249 126 248 17 248 71 125 247 240 5
    255 216 107 255 246 141 16 10 159 27 115 243 191 167 126 127 0 61
    249 105 238 1 224 111 224 188 124 87 121 153 240 196 143 224 67 113
    246 127 255 191 159 123 125 219 132 220 136 127 0 43 145 107 197 1
    200 14 20 0 8 7 248 23 192 4 64 62 107 0 192 132 0 11 159 122 96 13
    139 0 201 63 127 254 208 227 232 14 63 28 16 0 240 247 255 191 222 4
    103 251 111 252 175 77 255 235 127 59 124 107 161 222 185 127 8 63
    92 227 248 1 200 14 22 0 28 7 248 23 192 4 64 62 99 0 192 132 32 11
    31 122 96 13 143 128 201 63 127 250 208 227 232 7 255 63 240 18 12 7
    255 223 252 31 110 34 239 253 255 220 123 254 127 107 240 15 159 144
    216 95 12 62 226 226 0 14 55 28 0 0 48 215 255 191 222 4 103 251 111
    254 175 77 127 251 127 251 124 107 241 222 136 127 8 63 94 227 248 6
    7 255 224 20 55 199 251 231 255 132 105 127 211 127 63 114 130 255
    159 251 127 179 119 222 137 223 8 62 16 226 31 1 236 14 22 0 28 7
    249 31 224 4 64 16 227 0 199 132 32 15 159 122 96 13 141 128 200 63
    255 238 216 227 96 5 132 42 112 1 248 7 252 215 248 23 63 240 95 253
    230 93 255 255 159 59 127 243 156 31 187 247 0 59 213 227 233 15 63
    28 16 0 252 87 255 191 252 6 71 127 111 252 143 77 245 235 255 251
    125 251 224 236 152 127 12 61 28 226 188 4 2 78 16 0 0 7 224 31 255
    134 65 127 227 42 0 64 4 250 31 122 16 159 243 248 137 119 127 186
    16 226 190 1 128 15 224 1 160 7 240 31 240 58 97 12 99 0 0 22 0 47
    159 11 67 51 6 7 105 189 255 234 46 225 1 14 23 140 2 0 60 255 255
    223 159 4 116 8 63 254 47 77 127 251 126 251 124 207 187 216 132 159
    8 63 216 66 248 0 227 30 0 0 28 87 255 159 194 4 120 0 35 20 127 205
    168 11 223 250 116 207 187 160 132 159 255 252 88 194 193 14 55 28 6
    0 28 255 255 159 254 4 100 8 111 254 175 77 127 255 254 248 124 207
    191 216 132 159 8 63 252 195 208 1 248 127 224 60 248 7 112 31 240
    22 31 224 227 125 224 63 255 191 159 27 65 253 189 248 139 117 0 40
    208 235 233 19 253 167 224 1 246 6 63 223 192 244 111 242 235 245
    255 189 248 13 239 59 61 242 124 35 185 95 255 252 220 233 0 15 255
    254 0 0 7 199 255 223 248 4 124 2 43 240 255 77 104 235 220 234 28 4
    123 16 64 158 255 62 216 224 160 30 127 190 16 0 0 251 255 215 254 4
    106 2 63 255 255 205 127 227 241 250 64 11 157 20 200 60 0 22 220
    195 164 7 255 191 48 0 16 87 255 159 252 6 96 160 99 121 255 221 42
    239 187 26 64 15 157 16 136 126 8 46 209 226 0 1 158 63 48 0 156 7
    252 255 252 23 5 247 175 253 206 93 229 235 159 251 121 253 240 248
    233 159 4 55 128 226 188 1 192 14 48 0 80 7 255 159 0 4 15 154 237
    128 223 141 96 84 127 123 32 11 159 128 154 95 127 190 193 226 8 19
    253 187 176 0 246 6 127 223 192 116 105 242 99 85 255 188 120 13 255
    123 125 243 189 166 137 95 255 188 94 235 0 5 238 28 16 0 0 7 255
    223 248 4 122 2 237 192 95 205 120 124 126 250 48 15 159 144 152 95
    255 188 193 226 0 5 238 62 0 0 6 71 251 159 216 4 64 0 99 192 207
    204 34 239 94 250 52 11 141 144 200 31 255 174 208 226 0 1 224 127
    248 252 254 6 10 31 0 59 154 135 226 128 240 140 40 11 127 123 29
    252 124 248 154 95 3 52 235 106 32 123 125 247 248 253 248 24 0 28
    61 255 90 254 220 255 252 60 64 127 239 59 64 237 156 225 154 103 0
    4 86 236 140 4 192 4 15 7 255 199 253 231 227 128 192 255 235 224
    126 67 240 255 158 250 31 236 114 236 229 184 0 57 92 66 13 1 201 63
    255 159 255 7 113 223 242 31 236 22 227 64 16 13 0 1 159 245 191 204
    124 97 232 159 2 53 46 243 6 241 255 255 249 253 254 4 0 95 28 55
    134 254 228 255 252 188 0 125 239 123 27 236 124 232 152 79 0 59 226
    254 7 5 254 127 240 4 48 7 255 31 192 4 106 254 99 192 255 205 0 11
    223 27 96 15 159 144 136 63 14 62 220 224 0 241 255 255 241 255 254
    4 0 127 30 23 134 190 237 248 125 186 0 125 239 251 31 236 124 236
    152 127 0 59 226 254 3 1 201 63 255 223 255 7 113 223 242 27 110 18
    227 64 16 141 0 1 159 245 191 204 124 97 232 159 2 53 46 243 22 193
    253 255 240 51 0 4 112 17 248 247 104 32 130 127 226 189 229 1 159 7
    236 19 140 31 120 55 0 38 56 253 248 1 204 127 240 1 224 7 112 31
    248 4 105 64 35 0 2 68 0 43 159 11 67 179 138 31 121 181 191 248 42
    225 152 6 3 206 234 5 252 6 129 156 63 132 119 203 148 62 0 50 0 1
    143 123 115 237 187 224 135 255 127 229 192 226 254 1 236 31 248 29
    254 7 123 31 240 31 191 255 227 224 246 93 104 203 95 123 0 108 98
    96 154 95 6 56 193 242 0 3 251 255 254 31 248 8 0 48 15 6 100 8 0 62
    33 136 63 130 175 27 243 207 131 143 128 167 3 133 250 235 250 1 249
    254 56 128 248 6 125 223 224 7 255 222 123 255 255 141 124 62 223 59
    103 243 31 7 60 127 0 60 249 67 232 0 48 247 240 117 240 12 1 30 7
    255 9 254 228 127 248 54 241 253 239 59 1 252 220 225 153 79 1 36 87
    236 168 16 241 255 240 52 240 8 5 158 7 222 105 250 236 143 185 187
    222 64 111 27 99 243 157 172 185 127 3 188 4 238 63 30 127 188 64 0
    120 231 251 35 247 6 71 233 99 255 191 204 63 235 94 187 124 107 163
    158 136 126 0 59 214 227 24 205 63 252 134 3 63 255 255 224 125 128
    0 3 157 255 134 64 1 251 144 250 127 15 1 23 71 160 0 6 18 95 184 77
    38 0 1 208 30 7 254 127 252 59 135 255 235 240 126 76 11 255 156 252
    60 207 254 232 131 95 126 59 192 18 1 1 192 0 96 192 112 7 248 15
    192 40 139 96 99 0 88 132 0 250 159 59 71 179 72 31 154 125 191 250
    35 96 0 6 3 238 192 5 252 6 129 220 63 132 117 203 16 63 0 50 0 1
    159 123 115 237 187 224 181 255 255 229 193 226 254 255 255 224 128
    96 31 255 249 224 240 248 2 191 91 253 255 252 127 175 208 251 60 76
    59 128 134 90 0 47 198 175 168 1 140 29 240 212 112 7 96 19 248 59
    250 254 3 104 192 13 113 43 159 27 64 3 137 158 152 97 63 230 111
    225 248 143 255 255 158 30 1 223 255 207 126 6 125 118 253 255 239
    124 3 156 96 132 132 18 124 27 103 152 0 63 30 249 213 17 128 199
    224 3 0 7 248 79 193 240 127 2 227 0 64 50 128 45 159 11 1 146 92 39
    105 188 255 252 62 236 1 5 7 127 128 0 16 199 253 241 255 6 105 58
    91 106 6 64 0 255 159 251 127 179 255 222 137 127 30 62 24 226 31 1
    254 127 184 0 66 7 255 223 200 7 64 2 107 209 255 221 242 250 95 123
    20 48 127 17 56 95 15 62 220 224 9 1 192 8 96 192 112 135 248 7 224
    40 138 100 35 0 87 132 2 235 159 59 111 147 6 31 152 125 255 242 35
    96 0 1 192 12 96 144 112 7 251 31 192 8 138 96 227 0 247 196 8 171
    159 59 127 147 196 94 154 127 255 250 35 99 0 1 244 27 57 128 192 7
    112 31 224 31 127 170 0 60 227 93 244 2 175 0 80 115 191 218 184 127
    159 230 223 192 252 30 127 230 16 0 16 7 248 231 199 198 65 127 227
    87 63 178 218 254 223 250 29 219 119 252 153 125 127 190 22 230 7 31
    127 255 240 48 250 14 31 223 12 4 235 114 103 152 13 137 127 251 111
    123 127 177 157 237 153 127 63 188 30 238 26 1 254 127 184 0 70 7
    255 223 200 7 98 2 107 241 255 221 250 250 95 123 60 48 63 129 24 95
    14 62 156 224 4 31 31 224 0 0 7 3 224 96 253 132 107 0 159 239 130
    64 1 188 156 232 190 16 119 208 65 3 255 194 40 199 152 237 255 255
    31 190 3 203 255 207 126 7 81 23 253 255 239 125 255 188 160 196 140
    16 92 35 103 152 0 60 28 209 248 254 127 160 57 192 7 255 255 232
    220 1 131 131 253 255 239 205 255 4 112 232 60 50 114 216 24 90 255
    221 129 5 248 1 196 28 96 0 112 71 251 151 224 0 26 124 35 32 119 68
    8 131 159 59 127 179 128 222 154 127 127 250 33 99 160 5 255 56 3
    128 156 7 252 95 240 8 20 158 235 228 254 77 120 126 95 248 1 236
    158 32 166 159 127 57 225 2 8 15 255 12 16 0 3 7 255 223 248 4 120
    136 235 240 255 77 120 254 220 234 144 4 191 144 73 159 254 62 216
