<?xml version="1.0"?>
<opencv_storage>
<desc type_id="opencv-matrix">
  <rows>150</rows>
  <cols>32</cols>
  <dt>u</dt>
  <data>
    1 252 8 64 0 60 7 248 95 192 0 8 0 235 16 255 132 56 139 95 123 112
    13 159 144 136 31 127 188 64 99 128 1 217 126 62 7 252 23 255 223
    130 5 255 210 235 131 0 141 0 67 95 27 99 253 157 227 190 127 2 52
    249 224 62 30 4 0 22 0 28 7 192 28 124 134 104 0 0 8 128 66 5 1 159
    122 96 79 159 144 200 167 127 236 82 231 241 1 249 255 254 7 255 71
    249 223 227 134 127 223 235 231 254 188 2 47 158 251 59 236 157 224
    254 95 2 60 104 226 71 1 252 127 200 29 252 7 108 223 248 118 127
    244 125 241 226 63 249 251 159 123 125 255 220 252 183 255 0 56 192
    234 132 62 64 0 18 0 28 6 0 95 193 192 71 240 104 0 113 162 136 1
    143 122 64 15 157 4 137 63 127 253 150 131 71 30 0 0 2 0 60 6 128 87
    195 192 99 192 107 0 121 162 128 0 207 123 100 15 157 20 129 63 127
    188 222 131 71 225 207 63 135 255 46 0 0 31 200 59 64 14 160 67 31
    157 31 161 172 228 128 12 158 32 192 7 255 226 238 153 6 1 253 127
    240 1 160 6 120 31 192 4 105 0 227 84 255 141 98 235 159 11 67 48
    142 39 105 181 255 232 169 225 0 1 206 63 48 0 0 199 255 223 224 7
    106 0 107 0 215 221 56 90 30 155 0 147 63 152 152 126 14 62 156 226
    40 1 128 15 48 0 64 7 240 95 200 6 66 2 98 0 89 92 48 3 159 59 64 3
    31 22 152 127 63 252 152 225 106 13 63 62 192 0 0 7 252 15 254 4 126
    3 235 252 239 76 47 251 158 27 0 14 63 0 64 184 12 60 24 225 208 225
    252 59 229 255 76 8 0 86 24 123 128 138 6 252 255 158 240 3 231 5
    128 77 143 0 220 33 255 196 214 28 168 4 162 12 224 0 124 7 255 31
    131 128 0 154 226 20 255 196 43 222 127 123 112 109 159 128 136 95
    127 190 192 99 192 4 0 14 0 0 24 7 192 95 253 132 96 60 99 40 0 66 1
    75 31 58 64 11 157 6 129 61 63 250 16 226 254 30 127 156 0 0 15 159
    255 223 198 4 16 31 160 2 7 201 0 0 190 250 31 244 122 224 118 222 8
    54 144 66 254 241 248 48 25 249 254 12 55 31 0 31 144 4 96 53 247
    141 127 154 175 253 127 236 252 252 190 95 0 58 105 23 224 1 239 127
    224 7 38 7 254 223 242 6 64 2 43 227 23 92 28 11 159 75 180 4 31 19
    9 159 14 60 144 225 99 5 206 12 0 0 6 7 255 159 240 4 122 0 99 128 7
    65 49 218 63 251 60 3 159 144 128 31 127 184 28 194 138 51 57 167
    240 1 99 198 1 143 28 246 106 7 227 255 252 61 255 255 206 59 14 18
    118 23 24 94 255 250 60 233 128 3 253 255 224 3 130 6 112 31 192 122
    108 124 227 64 255 140 0 239 159 3 0 4 142 3 121 157 159 251 110 232
    0 14 127 56 24 0 0 255 255 223 254 4 96 240 111 254 255 77 247 163
    240 232 160 11 156 16 221 94 0 26 220 193 248 5 255 255 255 31 224
    56 96 0 124 7 179 160 2 248 31 93 72 35 163 7 192 243 64 95 182 97 0
    194 213 241 38 1 253 127 123 159 252 87 127 159 112 15 255 218 236
    12 130 141 112 4 191 11 113 255 157 167 188 127 2 60 253 225 248 2 0
    14 192 0 0 7 243 31 243 132 96 120 98 0 0 1 64 11 159 59 112 3 159
    144 72 31 15 58 88 225 252 1 255 126 255 15 254 87 127 159 248 5 255
    210 237 3 130 141 80 4 31 27 115 253 141 163 190 127 2 60 253 225
    254 241 248 32 3 248 244 28 63 159 0 133 158 190 98 21 247 141 127 2
    111 253 25 253 252 232 130 223 0 59 249 23 224 4 18 30 59 133 224 7
    192 223 30 7 255 200 16 14 128 77 224 1 159 11 0 251 191 234 184 127
    159 244 253 193 249 0 0 206 0 0 48 6 0 71 199 132 95 240 107 2 1 162
    128 122 79 27 64 251 29 4 130 188 127 253 86 226 31 30 7 0 0 1 254 7
    253 223 254 0 66 2 253 120 2 65 193 60 159 123 127 204 159 229 138
    95 127 181 144 231 197 1 232 127 112 1 128 6 56 31 192 30 108 30 227
    64 223 140 10 107 223 11 0 48 142 35 105 189 255 251 174 224 0 15 31
    220 0 0 252 7 241 223 255 132 59 218 227 120 2 64 1 45 159 123 113
    253 189 224 184 95 127 180 193 227 241 1 253 254 248 7 248 7 125 223
    248 4 255 248 127 227 194 141 80 26 95 27 99 255 157 167 190 255 2
    61 217 98 238 30 31 220 8 1 254 7 241 223 255 128 0 2 251 124 2 64 1
    60 159 123 123 253 157 224 188 95 127 188 80 227 241 2 1 222 8 0 192
    6 0 95 143 4 127 208 236 2 0 179 128 64 79 27 1 255 189 168 254 125
    191 253 209 192 63 1 156 63 249 223 240 7 65 220 120 63 255 203 18
    57 192 93 241 1 143 3 80 107 187 223 184 103 143 228 221 225 248 1
    239 220 224 1 255 135 255 223 241 128 191 246 251 96 6 66 0 28 158
    251 63 244 124 105 122 223 4 61 195 111 200 15 127 8 64 0 240 7 255
    223 252 4 79 254 107 248 255 76 42 47 158 251 0 255 156 32 155 124
    28 57 210 227 0 0 0 24 4 1 255 199 249 231 254 0 126 96 195 40 0 77
    64 254 31 123 127 18 117 223 120 191 63 62 60 226 190 5 134 58 16 0
    28 71 248 227 246 6 65 255 219 127 166 92 63 255 159 251 121 223 247
    248 153 117 255 246 62 226 154 31 63 156 0 0 2 7 254 223 252 0 104
    10 235 248 255 68 43 255 252 251 0 4 63 128 136 159 254 60 0 226 192
    0 209 255 240 55 254 4 31 31 3 247 107 126 228 15 185 187 252 0 111
    11 251 253 220 255 120 127 3 186 40 236 58 30 15 0 0 0 22 7 255 159
    60 4 64 90 237 184 7 86 193 252 126 251 0 12 31 32 148 95 255 252 80
    226 165 129 255 255 244 55 131 241 126 99 240 255 104 1 107 225 255
    188 80 14 144 134 255 18 35 7 121 176 128 94 62 236 46 6 0 15 224 5
    252 24 3 156 3 132 125 202 16 0 19 194 0 4 111 123 115 237 159 164
    167 239 127 165 208 226 39 225 255 255 251 255 240 40 64 0 120 7 147
    32 2 255 255 157 0 107 163 7 64 51 64 31 150 97 1 194 153 92 14 16
    241 255 240 55 248 8 31 31 3 247 107 254 111 135 189 187 254 66 111
    27 107 253 156 255 248 127 3 186 92 236 59 1 30 127 240 33 239 14 3
    222 12 118 77 54 36 153 137 254 15 0 111 59 63 176 124 103 121 159
    191 182 2 237 210 103 255 47 1 248 0 0 248 29 192 7 96 112 67 127
    255 157 252 63 140 101 0 2 29 16 128 19 255 200 92 17 32 4 7 222 0 0
    16 7 192 30 63 6 127 250 228 188 0 66 0 30 15 59 64 235 157 8 186
    111 15 37 208 226 249 1 248 127 142 5 252 7 123 31 240 214 127 240
    99 247 242 62 255 251 159 123 121 237 253 248 167 223 2 56 192 235
    202 12 6 46 48 0 60 215 253 249 255 6 107 126 223 255 254 77 63 255
    159 251 125 155 125 220 136 83 127 58 57 226 162 15 255 191 224 20
    60 7 250 231 254 6 65 127 211 127 255 255 159 173 191 123 255 155
    122 252 137 127 8 50 22 227 219 0 0 4 64 1 63 135 255 223 0 128 64
    31 236 128 16 130 0 122 126 251 31 20 126 97 73 159 255 245 34 226 7
    6 0 14 136 1 252 30 135 156 3 132 60 202 20 128 0 65 64 0 111 123
    115 237 191 224 181 255 255 229 209 226 94 129 255 58 143 15 15 7
    122 111 224 52 101 247 227 65 223 157 112 11 152 196 136 76 120 224
    101 152 0 53 212 147 28 1 251 255 16 0 0 7 248 31 199 6 65 127 227
    127 253 191 131 235 223 122 152 223 115 248 153 87 255 242 22 227 71
    31 127 190 50 0 60 7 250 255 254 7 65 255 131 126 127 205 252 47 191
    122 125 223 250 252 137 63 24 38 148 195 96 6 6 14 192 1 252 31 239
    220 62 4 119 203 28 192 2 114 64 0 111 123 115 237 187 164 183 127
    127 245 208 226 92 1 204 24 0 1 159 135 251 239 192 8 126 35 227 0
    195 205 96 11 159 251 31 52 112 255 104 159 14 54 62 226 248 1 128
    43 0 0 48 71 249 223 224 22 111 255 227 7 192 92 0 5 159 251 112 107
    191 156 129 127 127 53 214 147 81 1 200 8 96 192 112 135 240 7 224
    40 139 96 35 64 88 132 2 235 159 59 71 179 64 31 154 124 255 250 35
    97 0 7 255 255 224 4 62 199 253 233 255 30 97 127 219 127 238 126
    159 189 159 251 127 147 117 222 137 95 30 58 30 235 163 7 127 255
    192 0 16 7 248 255 255 4 107 255 195 255 15 121 129 175 159 123 25
    155 115 252 137 61 14 50 24 227 191 1 254 127 240 48 240 7 114 31
    120 7 74 112 34 125 255 205 111 131 191 27 67 179 132 31 152 127 191
    194 24 233 0 1 240 63 190 31 255 6 16 199 192 4 255 210 227 79 253
    189 126 239 159 255 3 204 28 32 246 157 2 52 95 114 26 15 127 175
    224 20 54 231 253 227 252 6 105 127 219 125 239 125 185 189 159 251
    253 147 119 254 129 95 8 54 62 227 169 14 2 8 12 0 24 3 192 112 127
    4 246 233 221 254 0 73 52 28 159 120 123 207 167 252 244 33 127 195
