<?xml version="1.0"?>
<opencv_storage>
<desc type_id="opencv-matrix">
  <rows>150</rows>
  <cols>32</cols>
  <dt>u</dt>
  <data>
    15 127 63 224 149 190 199 250 231 222 6 77 255 195 127 31 221 130
    239 191 123 127 251 114 255 129 191 0 55 16 98 31 1 132 6 224 80 248
    7 240 243 240 228 135 242 155 97 194 127 251 189 159 59 121 251 220
    252 154 119 0 55 149 99 207 1 249 254 120 129 240 119 125 145 227
    133 255 218 123 255 248 141 92 59 159 27 115 241 137 167 60 126 0 61
    249 101 246 1 128 126 192 176 240 7 56 227 224 132 183 192 27 103
    248 124 63 191 159 59 125 251 253 254 156 119 0 61 25 107 74 14 55
    140 58 1 248 123 254 51 247 5 129 255 235 254 191 77 127 139 115 59
    121 239 192 252 185 119 0 22 220 227 120 62 119 128 0 0 64 251 254
    35 231 4 127 253 111 254 63 72 63 235 112 187 96 3 129 158 156 120 8
    27 120 195 26 2 0 14 16 0 0 7 240 31 195 132 64 0 227 0 0 130 0 10
    159 122 112 145 133 160 72 63 255 254 144 227 238 1 251 254 121 129
    251 246 125 145 199 7 255 216 123 254 252 141 127 59 223 59 119 243
    141 167 60 126 0 61 249 69 112 0 128 102 248 116 120 7 49 31 227 229
    155 243 227 7 240 61 254 251 159 59 120 203 129 220 154 127 0 62 81
    107 62 5 4 8 56 0 248 71 244 209 248 55 15 224 253 112 194 95 253
    188 159 59 125 251 156 222 155 119 4 59 149 131 225 6 7 29 57 128
    224 3 192 31 254 31 255 224 169 62 0 77 212 1 19 1 0 115 191 219 56
    97 159 212 252 192 254 115 251 254 11 172 240 4 89 31 143 135 251
    137 227 255 253 141 127 239 223 57 119 243 135 143 148 127 0 60 185
    87 198 1 236 47 240 252 224 78 115 159 224 127 122 0 226 49 247 255
    252 45 175 3 240 51 191 155 152 127 0 46 253 232 229 30 23 8 0 0 16
    255 255 167 222 4 127 252 111 254 15 77 55 251 123 251 126 3 133 158
    156 126 8 25 62 66 248 13 63 63 96 215 188 119 255 55 222 23 13 183
    227 255 175 93 231 171 255 59 121 255 224 252 169 191 0 23 129 227
    156 2 203 24 0 0 88 7 255 159 194 0 30 186 235 0 23 141 80 1 95 123
    64 111 159 144 154 127 127 190 192 227 78 1 192 0 112 1 224 6 0 31
    192 0 169 33 99 0 81 132 0 11 143 27 67 51 2 31 9 112 191 234 33 225
    0 1 192 0 112 1 224 6 16 31 192 0 105 49 99 0 80 132 0 15 159 11 66
    19 0 31 9 113 255 234 41 225 0 13 6 28 0 0 16 7 254 223 12 0 30 10
    109 216 159 76 32 68 127 123 96 79 159 152 154 127 127 254 193 98 24
    62 127 160 0 0 80 57 250 17 240 196 123 253 3 255 255 253 127 15 209
    59 112 107 131 152 159 99 0 0 208 199 70 127 255 246 0 0 0 57 252 49
    241 134 89 253 27 255 255 237 127 235 209 27 64 111 131 128 187 97 0
    8 222 207 94 0 192 12 0 0 248 7 255 159 194 4 18 254 99 0 3 204 48 1
    127 123 96 111 159 144 158 127 63 186 192 99 122 1 255 125 251 159
    240 198 121 215 254 27 255 202 235 124 0 141 100 0 159 11 124 235
    143 31 188 127 0 60 254 225 252 1 252 35 192 240 242 14 63 159 192
    122 107 242 239 245 255 189 250 79 111 123 127 242 124 47 137 95 127
    188 156 174 0 125 207 244 0 0 23 199 255 223 248 132 104 66 43 225
    15 64 2 11 92 250 60 78 123 16 129 158 255 60 80 198 94 77 6 252 192
    191 255 247 255 224 125 192 128 15 31 253 192 64 39 255 152 251 127
    244 98 39 135 136 0 17 128 109 216 19 255 253 224 48 242 6 31 159
    131 250 75 246 239 254 255 133 255 255 239 123 63 48 124 87 137 95
    255 252 150 232 0 65 253 255 240 125 248 24 1 28 112 255 91 222 87
    255 254 189 0 62 239 27 67 253 158 109 154 103 0 8 214 238 60 1 252
    127 248 252 224 70 113 159 248 127 122 40 34 49 192 191 253 3 159 7
    240 115 191 219 154 127 3 46 221 248 232 14 6 134 22 1 28 7 192 23
    255 134 64 120 99 42 0 98 128 122 31 122 98 15 143 4 192 39 127 250
    80 194 191 1 255 254 0 0 120 7 254 231 195 6 104 103 194 63 247 205
    255 237 187 59 73 251 250 252 137 124 0 54 20 231 226 5 134 127 224
    0 2 71 255 159 198 4 104 124 99 0 7 205 0 10 159 11 102 1 143 23 8
    63 14 58 92 225 252 62 127 244 0 0 28 123 254 97 255 132 120 114 255
    255 255 77 23 255 209 250 96 77 141 128 132 161 24 30 81 71 186 65
    224 119 202 61 248 6 32 95 240 246 91 248 226 103 240 63 255 188 159
    27 65 237 191 248 135 103 2 56 208 239 239 1 249 255 240 48 224 4 96
    15 240 32 107 32 34 96 96 132 1 35 159 3 67 51 1 31 24 112 191 226 0
    233 192 5 255 63 240 148 96 215 255 159 248 31 74 8 227 249 255 221
    232 47 254 139 208 115 191 154 136 126 4 62 220 224 5 30 0 134 192 1
    48 0 128 23 31 224 79 251 226 62 0 98 131 143 135 27 64 75 133 22
    138 161 63 197 86 233 159 15 255 159 224 20 119 231 253 227 240 30
    105 127 219 96 255 94 40 61 158 251 127 179 119 255 129 95 8 62 30
    227 1 1 192 0 64 0 112 6 16 31 192 0 43 96 34 0 81 132 0 3 143 59
    127 179 136 31 152 127 255 234 1 99 0 15 255 63 56 0 1 255 255 223
    252 31 102 11 111 252 255 221 239 235 240 138 0 51 59 128 56 126 0
    63 30 192 128 1 248 127 232 29 248 6 32 31 240 54 91 252 226 33 194
    189 192 61 159 27 81 205 253 248 159 119 3 40 84 235 253 15 255 159
    224 20 119 247 253 225 240 58 73 122 219 96 255 94 40 253 158 251
    127 179 255 254 137 95 8 62 62 226 0 1 232 127 128 0 0 7 113 31 240
    4 127 195 226 96 242 140 11 175 159 74 228 3 140 30 73 159 7 44 186
    225 128 1 156 63 248 252 240 71 64 3 248 63 127 170 32 105 192 125
    229 2 159 7 246 115 139 31 56 103 7 38 220 241 248 5 196 8 48 0 31
    247 253 249 240 10 99 120 31 224 126 68 42 254 159 251 127 155 127
    220 153 119 127 62 42 226 0 1 160 46 142 7 254 7 241 223 192 4 80 28
    2 127 248 13 111 131 159 10 251 252 187 225 119 191 6 33 16 227 192
    1 236 12 96 4 248 7 249 31 248 4 127 255 195 112 252 13 121 141 159
    59 121 251 161 252 154 127 6 36 120 99 128 1 140 127 224 1 232 7 64
    31 60 4 111 223 226 56 128 93 228 171 159 27 91 243 114 239 121 191
    63 253 156 233 185 126 127 238 132 0 15 249 255 224 63 224 76 32 221
    255 191 96 71 133 224 254 126 0 142 21 64 138 0 10 0 123 214 15 63
    62 62 0 2 23 252 217 254 7 64 6 255 254 175 93 97 235 220 106 168 21
    222 248 121 87 12 22 156 225 184 15 255 28 120 4 246 7 255 223 248 1
    138 226 235 240 207 204 32 94 127 123 112 101 191 145 154 95 30 62
    193 224 32 1 233 24 0 0 31 199 241 159 242 0 111 190 107 96 112 4 0
    63 159 251 127 219 157 36 104 191 2 63 128 99 12 30 63 24 0 0 112
    247 255 159 254 4 99 255 111 252 127 77 99 235 255 251 125 251 177
    252 149 127 28 61 60 66 128 30 127 188 28 0 0 251 255 231 254 4 238
    67 127 255 255 205 127 235 240 186 0 3 59 16 88 120 8 28 60 195 144
    1 128 15 48 0 0 7 252 95 192 6 110 32 107 0 192 158 128 2 31 59 80 3
    63 156 136 127 127 254 80 227 101 30 0 196 6 1 60 71 225 31 127 132
    120 0 226 10 0 1 0 30 159 122 113 207 133 172 192 191 127 238 92 194
    191 1 2 62 127 7 196 71 193 223 62 7 255 248 0 10 0 93 193 35 159 8
    244 107 159 150 126 95 6 60 221 224 254 1 232 24 96 208 112 7 251 31
    192 40 138 116 227 64 93 132 10 171 159 59 127 179 196 222 154 127
    255 242 33 99 0 5 223 255 128 0 19 199 248 231 254 4 121 127 211 234
    6 89 0 237 159 250 255 179 119 222 9 127 14 54 24 226 31 6 7 222 158
    7 254 31 225 156 255 132 28 203 18 2 3 65 128 5 175 122 115 237 187
    224 246 159 255 165 209 226 191 63 253 230 248 48 220 116 255 31 193
    192 135 243 227 63 255 160 15 141 255 251 252 107 132 92 190 127 0
    21 193 111 195 6 15 254 142 7 254 31 225 156 255 132 29 203 16 2 3
    65 0 1 175 123 115 237 187 224 247 191 255 228 209 226 190 15 127
    140 48 0 70 95 255 159 252 4 126 10 239 248 207 68 40 126 126 251
    112 101 159 224 120 95 28 62 233 226 224 1 249 254 126 7 254 6 96 31
    114 4 55 240 96 63 224 61 253 132 159 10 190 14 125 23 197 31 223
    233 209 225 248 4 3 222 192 1 188 71 255 223 247 132 0 202 32 0 0
    114 192 2 159 251 112 239 187 140 135 191 127 61 80 107 255 1 249 63
    255 223 255 7 113 159 242 27 192 18 227 100 22 141 96 3 159 117 251
    204 220 225 130 31 2 60 126 115 56 1 192 8 16 0 20 7 248 231 240 30
    67 255 219 96 94 4 40 126 159 250 121 223 247 248 153 93 127 54 46
