<?xml version="1.0"?>
<opencv_storage>
<desc type_id="opencv-matrix">
  <rows>150</rows>
  <cols>32</cols>
  <dt>u</dt>
  <data>
    1 255 255 240 1 240 23 115 28 127 135 233 250 34 47 2 137 192 3 159
    59 112 5 155 131 153 127 255 228 92 225 255 3 255 255 240 1 224 30
    115 28 127 7 233 250 34 63 2 137 192 3 159 59 112 5 153 131 153 127
    255 228 92 225 255 1 255 28 24 0 124 30 127 156 0 5 130 138 108 144
    255 204 32 124 111 123 112 79 159 156 154 127 255 252 208 194 0 1
    254 28 24 1 124 30 31 158 0 5 130 202 108 128 255 204 32 124 111 123
    112 79 159 144 158 127 255 252 192 194 0 6 31 190 22 0 14 71 224 23
    254 6 0 0 227 239 0 125 148 255 31 248 244 15 133 144 72 159 255 254
    208 194 191 5 254 63 248 86 79 127 255 158 56 55 62 0 227 249 255
    127 253 175 252 199 240 13 143 144 90 94 0 44 21 227 224 2 67 255
    224 3 128 7 248 31 231 4 109 4 227 3 0 56 0 47 159 11 67 48 76 23
    105 191 255 251 0 225 127 1 252 60 12 0 156 7 251 159 248 4 0 216 98
    56 194 13 225 3 159 250 64 237 157 160 247 255 127 252 209 227 233 4
    23 62 0 0 0 7 254 31 254 4 127 254 107 255 8 77 213 254 95 26 192
    139 158 24 137 60 255 250 28 226 191 14 63 26 112 0 184 199 254 39
    142 6 109 255 227 94 63 221 255 43 255 123 125 251 96 222 169 255 8
    54 209 227 120 7 255 191 224 20 243 247 253 225 254 4 105 127 219
    124 255 77 111 191 158 251 127 179 117 223 137 95 12 62 24 227 112 7
    255 191 224 20 183 199 251 231 252 4 105 127 211 124 255 93 127 191
    158 251 127 243 119 223 137 223 12 54 24 99 112 5 255 63 224 212 190
    199 251 231 252 36 103 255 163 125 255 221 255 171 191 123 127 243
    242 254 137 159 0 55 28 99 1 31 255 254 224 245 248 71 255 255 192
    192 10 203 249 119 255 140 56 60 191 59 123 239 191 222 152 127 127
    244 209 111 32 6 3 141 96 3 128 7 248 79 223 142 109 66 227 0 0 0 0
    47 159 11 0 146 124 3 105 157 191 252 62 224 146 5 255 63 224 16 183
    199 251 231 252 36 101 127 195 124 255 221 191 175 191 123 127 243
    114 255 137 223 0 55 28 107 65 1 253 127 240 1 255 134 127 223 192
    54 40 30 107 69 255 157 96 11 191 123 31 180 120 103 24 95 255 250
    33 235 4 13 63 59 224 81 190 71 254 55 156 52 79 255 227 127 255 125
    247 187 255 123 127 255 224 252 137 191 0 55 16 99 28 7 255 191 224
    20 251 199 249 227 240 6 73 127 211 116 254 29 191 173 159 123 127
    243 119 255 137 255 14 54 30 227 193 15 63 60 123 221 254 255 255
    158 124 15 130 139 231 252 239 77 111 255 255 249 124 111 143 28 150
    95 12 62 232 19 128 14 55 27 96 208 156 71 254 55 158 54 77 255 227
    252 255 95 247 171 255 123 125 255 224 252 233 191 0 55 128 227 28 5
    150 63 60 0 8 7 240 71 252 7 94 0 98 111 130 93 55 3 159 120 228 11
    159 28 218 127 127 252 84 195 248 6 3 223 224 3 128 7 248 79 255 142
    108 102 227 2 0 0 0 43 159 11 0 18 92 95 105 189 255 252 62 224 190
    13 63 255 240 0 126 14 15 159 15 155 75 226 111 254 255 197 255 254
    239 123 127 49 157 252 137 127 63 188 158 234 64 1 184 126 254 7 232
    7 96 30 120 132 113 248 0 61 192 61 253 128 31 10 194 11 157 23 119
    47 159 224 84 225 248 6 0 15 62 7 216 7 128 231 243 159 127 207 220
    62 224 35 255 252 159 10 131 178 126 39 121 161 31 252 156 226 232 1
    248 254 0 0 0 7 248 31 193 134 65 255 235 243 255 179 203 235 95 122
    128 141 218 248 137 117 255 250 22 227 7 5 255 254 16 0 27 199 253
    225 247 6 73 127 219 255 182 77 52 127 159 251 127 179 253 252 137
    126 127 58 16 226 250 1 248 126 254 7 104 6 96 30 120 132 119 252 0
    63 224 61 253 132 159 10 192 15 157 3 197 47 223 233 84 225 248 1
    255 127 192 53 248 6 114 95 34 0 71 142 98 52 119 197 57 3 175 59 64
    203 30 30 130 127 63 255 208 107 193 1 255 252 16 0 20 7 248 63 227
    4 65 127 227 110 183 141 103 175 159 250 61 223 243 232 137 95 127
    190 16 195 240 1 248 30 16 0 16 7 248 127 240 6 65 255 227 244 254
    13 43 239 159 250 25 251 115 248 137 93 127 182 30 227 192 17 248
    246 22 0 28 6 24 23 193 134 64 252 107 211 255 179 203 251 79 122 98
    15 143 4 201 55 127 250 80 198 7 0 0 8 112 3 224 7 252 31 192 0 8 12
    237 128 0 132 0 92 95 11 0 48 142 3 121 223 191 248 129 224 0 31 255
    184 240 0 112 71 251 23 226 96 138 124 35 198 255 157 0 3 223 59 127
    179 136 223 154 127 63 242 24 111 81 1 203 255 240 1 224 7 240 23
    227 6 105 4 99 3 3 185 144 43 159 27 103 179 142 15 121 191 191 248
    20 225 47 5 6 46 28 0 12 71 250 23 252 7 78 3 227 45 135 93 119 3
    159 120 252 15 135 220 122 63 127 190 220 195 216 3 249 254 254 7
    224 6 50 31 195 132 115 248 2 3 31 186 128 10 159 11 193 243 131 223
    127 127 159 235 16 225 95 1 239 24 96 0 112 7 250 31 216 6 10 97 226
    0 7 130 8 43 159 59 127 147 68 95 152 127 255 242 0 225 39 14 22 239
    224 0 115 247 255 247 249 132 73 96 123 255 255 124 64 11 94 187 127
    179 253 255 137 126 30 58 16 226 190 0 128 28 112 1 224 7 248 15 194
    0 111 0 99 0 0 128 0 254 95 27 67 48 12 7 57 125 191 250 1 224 2 5
    31 254 192 5 254 30 71 156 31 132 53 202 28 31 9 98 86 0 239 123 115
    237 187 224 165 255 255 229 209 227 126 6 51 255 178 24 114 11 140
    25 143 138 63 0 111 254 253 64 3 239 79 27 103 144 4 39 10 115 0 58
    161 249 132 6 1 206 192 1 31 14 1 220 15 132 64 30 156 2 0 50 128 84
    111 251 63 220 189 224 225 159 255 181 158 226 191 1 253 63 249 254
    240 196 51 223 192 31 255 234 0 52 247 159 252 3 175 7 252 99 159
    158 184 127 1 62 222 225 225 1 159 254 248 5 252 30 69 220 157 132
    79 202 29 136 1 242 212 129 111 123 115 239 191 236 154 127 127 244
    208 227 63 5 134 12 240 7 224 7 255 159 192 0 102 142 237 0 87 192 0
    80 127 11 128 4 30 19 8 159 255 251 225 224 4 14 30 47 224 4 243 247
    255 255 248 132 73 112 107 239 143 124 64 75 94 251 127 179 253 223
    137 126 30 58 16 226 62 129 255 252 113 190 71 255 101 216 124 5 128
    136 92 255 238 77 1 245 158 197 228 3 159 22 88 67 255 236 221 67
    128 1 233 126 27 128 112 199 248 71 240 7 99 255 227 224 64 28 1 126
    158 251 4 235 15 10 128 92 255 245 216 192 192 6 1 206 64 1 63 6 1
    223 15 132 64 30 236 2 0 50 128 80 110 251 63 20 124 225 73 159 255
    181 158 226 191 1 255 255 240 20 240 71 250 23 248 224 42 63 35 113
    223 205 0 3 159 27 125 179 138 223 152 127 63 242 1 233 43 6 0 15
    127 159 255 7 249 159 231 7 242 15 235 127 56 9 92 165 159 109 191
    76 90 97 132 31 0 53 248 195 62 15 127 190 6 0 7 247 255 143 254 4
    63 224 107 255 175 205 117 235 92 248 190 2 76 20 70 159 255 61 17
    226 254 1 128 15 246 30 23 135 251 63 192 31 107 137 227 0 81 132 0
    94 94 198 148 12 39 144 137 31 255 252 227 242 0 254 113 224 128 96
    0 120 27 208 3 240 65 0 18 143 253 178 254 227 96 186 0 3 155 144 1
    8 251 199 22 172 63 113 192 0 0 96 63 199 249 231 224 248 41 247 235
    0 224 178 136 255 158 251 47 148 92 108 129 28 127 60 3 30 161 3 123
    255 240 7 248 24 1 28 15 200 109 218 0 31 161 129 127 225 47 27 243
    223 155 167 233 167 3 132 32 235 250 7 127 254 15 129 255 7 255 223
    255 6 81 210 253 127 174 141 135 255 159 249 63 76 253 225 135 31
    255 189 220 67 255 3 63 255 240 7 152 8 0 24 63 128 111 224 18 255
    168 12 15 251 207 11 251 253 157 253 104 167 11 140 33 235 147 7 127
    255 158 3 30 7 225 28 127 134 126 59 68 122 6 66 1 254 143 124 240
    77 155 224 196 143 255 238 254 210 146 225 192 0 1 240 63 199 253
    231 240 120 31 125 235 96 194 30 195 255 158 251 31 158 116 124 130
    28 126 58 33 31 21 6 0 15 124 7 200 135 164 231 247 159 127 79 253
    191 224 35 255 252 31 10 131 242 126 47 122 96 223 252 36 224 248 5
    63 63 240 0 88 7 248 247 222 6 42 58 99 63 173 205 63 235 223 27 120
    207 187 248 152 127 14 62 1 226 242 6 0 207 188 2 192 135 236 227
    255 143 127 95 253 172 0 99 255 254 91 10 131 178 124 47 122 96 223
    252 28 224 184 1 191 63 112 0 24 7 248 247 222 6 106 58 99 63 173
    205 63 235 159 59 120 207 187 216 152 127 14 62 65 226 242 251 255
    252 224 124 248 128 120 1 243 224 135 243 195 127 255 132 47 156 135
