<?xml version="1.0"?>
<opencv_storage>
<desc type_id="opencv-matrix">
  <rows>150</rows>
  <cols>32</cols>
  <dt>u</dt>
  <data>
    1 249 255 240 0 112 56 51 31 2 126 74 0 34 67 127 191 192 3 191 27
    96 51 135 31 152 127 255 206 158 233 39 3 251 254 186 4 240 70 57
    153 231 128 254 218 123 126 188 129 255 255 159 27 99 243 157 39 188
    247 0 61 249 235 80 1 249 254 190 7 252 119 125 152 243 133 255 208
    59 255 240 141 103 251 159 27 115 253 141 163 188 255 0 44 249 233
    156 6 253 239 240 1 96 0 16 31 193 228 105 255 226 3 159 187 128 1
    143 27 64 3 139 31 137 117 255 198 94 233 63 6 223 30 60 0 8 7 224
    31 242 7 120 2 226 38 2 76 84 14 159 58 100 75 158 30 216 127 127
    252 121 195 254 1 232 28 96 1 224 6 16 31 192 0 105 112 99 0 253 140
    40 43 143 11 67 51 0 23 9 241 255 234 1 225 0 3 253 63 123 159 248 7
    255 31 248 31 255 250 239 252 223 141 112 133 91 11 65 239 157 142
    152 124 0 60 255 225 56 1 232 12 96 1 224 6 16 31 192 0 105 0 227 0
    253 141 104 47 143 11 67 50 4 7 41 245 255 232 57 225 0 7 63 63 192
    81 56 7 255 63 30 52 111 255 226 127 255 221 247 251 255 59 89 223
    242 252 137 191 0 55 56 99 188 1 252 24 3 193 252 7 120 95 248 4 128
    130 107 8 199 204 55 3 31 123 97 239 159 12 134 127 127 252 193 19
    216 1 252 24 1 129 124 7 120 95 248 0 128 128 107 0 199 205 125 3
    159 123 66 79 63 148 128 127 127 252 193 19 224 1 2 28 121 128 224 7
    192 30 126 7 255 200 2 8 0 77 193 2 159 9 64 243 191 218 184 103 159
    236 253 193 254 1 253 63 249 255 248 70 65 156 248 63 255 232 226 40
    192 157 245 4 159 11 245 235 159 158 184 127 3 44 222 225 248 193
    131 63 225 254 39 6 0 15 142 15 128 6 96 58 32 13 191 227 140 229
    132 4 124 33 128 29 255 250 129 16 227 51 127 255 240 1 99 198 73
    143 124 118 106 4 231 255 252 60 127 255 206 59 30 18 126 23 8 94
    255 250 40 236 0 193 207 63 225 255 103 0 0 31 124 59 128 30 224 3 3
    157 79 243 44 101 128 12 92 33 200 7 255 250 108 25 214 1 248 92 224
    0 112 4 16 15 192 0 75 32 34 0 253 132 42 131 143 27 67 179 8 31 24
    117 255 234 0 225 0 31 255 255 224 4 118 247 253 225 252 6 107 121
    221 120 231 68 107 252 158 251 125 155 247 254 137 95 24 62 0 227
    192 30 6 0 0 1 254 7 255 223 62 0 96 138 237 248 2 71 205 252 127
    123 119 76 159 4 132 95 127 188 214 226 245 30 19 238 22 0 28 7 248
    71 223 134 96 120 107 223 8 115 215 90 95 122 98 15 157 20 201 61
    127 250 80 194 95 15 127 140 112 1 248 7 253 223 252 4 107 250 251
    120 79 69 1 191 159 59 113 239 157 168 184 127 63 188 248 227 192 30
    19 238 22 0 24 7 248 71 223 134 96 124 107 223 28 123 215 250 95 122
    66 15 157 20 201 61 127 250 80 194 95 193 220 59 245 255 6 8 0 29
    216 59 0 30 224 12 131 157 103 243 174 101 128 76 156 32 201 7 255
    236 102 157 156 13 63 255 240 49 255 14 5 156 13 158 77 114 44 28
    233 226 127 129 111 59 127 180 220 231 105 159 191 182 22 237 208 1
    196 31 240 21 254 7 255 223 240 0 143 250 235 224 87 76 0 127 159
    123 123 77 189 240 136 95 127 190 233 226 0 18 249 9 96 0 63 7 255
    223 192 30 104 26 251 128 255 133 168 78 94 251 56 236 191 224 136
    95 255 62 70 226 1 1 253 127 255 159 252 71 127 223 248 15 255 218
    233 9 128 141 65 3 159 11 115 253 157 163 188 127 2 60 253 224 252 0
    3 30 121 128 224 7 192 28 126 7 255 200 2 40 0 77 213 1 159 9 64 115
    191 219 184 97 159 236 252 193 254 13 4 0 0 0 254 7 255 223 248 0
    112 130 237 240 66 71 201 124 159 251 127 236 191 224 149 95 127 180
    214 130 197 5 238 15 240 7 254 23 255 159 240 4 42 178 235 224 119
    77 0 191 159 123 123 237 189 228 152 127 63 190 193 227 0 225 254 63
    1 216 0 6 104 31 240 23 104 96 99 255 255 125 249 107 204 244 0 0 92
    16 129 31 255 236 28 18 224 15 127 159 224 20 118 247 253 225 252 6
    107 121 221 120 231 68 107 253 158 251 125 155 247 254 129 95 8 62
    24 227 128 1 248 92 96 128 120 70 51 23 0 4 10 96 34 0 253 132 42
    131 191 59 127 179 128 222 152 127 127 226 0 99 0 1 249 254 248 5
    248 87 125 217 240 133 191 250 59 239 192 141 71 227 159 27 115 245
    157 167 186 255 2 53 121 104 254 15 127 191 224 148 254 135 250 231
    222 6 97 127 211 126 127 221 11 173 191 123 127 243 122 254 129 223
    8 55 30 99 132 30 3 134 8 0 192 7 128 127 255 132 127 240 99 255 8
    115 128 251 143 27 0 251 61 138 254 96 191 252 209 192 191 14 255
    191 224 212 62 135 250 231 230 22 65 111 211 127 255 255 255 173 159
    123 255 243 122 254 137 255 0 55 16 99 149 1 220 127 248 254 240 70
    64 16 248 31 127 168 34 45 192 61 53 2 159 7 246 99 135 159 184 103
    7 166 220 241 248 193 255 127 225 255 195 7 126 39 240 31 128 0 107
    1 199 157 124 14 16 133 128 20 64 33 120 152 128 29 41 120 120 6 0
    143 192 1 31 134 1 223 7 232 96 22 226 0 0 130 0 193 110 251 31 4
    124 97 73 159 255 180 34 235 0 1 248 127 248 124 224 4 96 19 248 63
    127 168 34 61 192 61 109 2 159 7 96 51 131 159 152 97 7 134 212 249
    240 5 255 58 97 248 32 123 225 152 252 7 234 218 95 249 254 93 40
    127 153 101 96 15 159 0 136 3 255 204 220 16 1 0 48 32 64 128 112 7
    250 31 192 4 15 255 227 63 224 77 0 138 31 59 96 107 155 158 136 127
    63 191 212 99 149 1 251 255 127 7 252 119 127 153 254 7 255 218 235
    122 0 141 64 255 159 27 117 255 141 167 188 127 2 44 253 224 190 1
    205 222 0 1 248 7 241 255 240 134 127 239 226 0 2 2 48 5 159 59 123
    237 255 252 180 255 63 52 226 194 10 5 255 255 255 191 224 184 96 0
    124 7 191 160 3 255 255 93 64 235 161 3 64 51 64 31 54 96 0 194 209
    248 132 1 196 28 144 0 28 199 249 225 240 0 67 127 219 224 102 77 43
    252 158 251 125 219 255 252 153 83 127 62 32 226 128 5 255 255 255
    159 224 184 104 0 252 7 191 160 19 255 239 93 64 235 161 3 64 115 64
    31 54 96 0 194 209 240 132 13 46 8 112 0 126 247 255 248 252 0 107
    120 29 248 238 68 59 254 159 251 125 219 255 222 136 95 126 62 0 226
    128 6 7 142 130 1 252 6 129 222 55 132 125 203 0 67 2 64 0 0 175 123
    115 237 187 224 165 255 255 229 209 227 30 6 7 206 130 1 252 14 129
    222 55 132 125 203 4 99 2 64 0 0 175 123 115 237 187 224 165 255 255
    229 209 227 30 13 255 28 120 1 252 23 255 255 240 15 234 223 255 224
    119 76 0 175 159 251 17 255 191 160 184 95 12 60 107 227 0 1 134 127
    240 28 114 71 251 159 252 0 130 248 226 56 131 76 60 14 159 43 112 1
    141 147 152 95 14 62 65 233 248 1 192 8 112 1 226 7 248 31 192 8 111
    0 99 0 217 134 32 126 159 11 67 48 12 7 121 125 191 254 3 224 1 1
    156 56 1 128 28 7 251 63 252 4 255 63 227 45 128 77 52 250 159 249
    121 253 243 232 129 223 127 186 62 18 184 1 255 127 240 60 243 215
    255 159 248 32 2 0 227 44 199 204 52 3 158 43 112 33 191 147 152 94
    6 62 97 233 248 30 63 136 96 5 124 255 255 249 252 0 106 120 31 252
    255 68 106 250 120 251 125 207 255 252 136 126 28 26 0 98 0 30 0 0
    96 0 7 135 255 239 131 104 64 2 224 0 25 128 2 229 222 251 28 4 124
    113 9 158 255 254 34 229 0 6 127 222 226 5 252 14 231 223 119 132 71
    202 28 2 7 131 194 130 175 123 113 239 187 220 130 127 127 245 208
    227 31 7 255 255 192 16 51 231 253 227 254 4 109 63 219 127 255 255
    155 173 159 251 127 179 119 223 9 223 0 54 28 243 135 1 224 64 16 0
    4 7 56 31 224 134 65 255 227 193 254 132 46 107 223 250 152 207 243
    248 153 87 127 178 22 230 0 13 175 28 120 129 252 23 255 223 252 15
    130 27 255 240 79 76 0 175 159 251 81 255 61 172 186 126 12 52 106
    227 0 30 0 0 96 1 7 135 255 207 15 248 64 7 226 0 0 130 2 193 126
    251 28 4 124 97 73 158 255 244 34 229 0 1 192 12 224 0 112 135 242 7
    224 0 10 97 34 64 255 132 98 11 159 59 79 179 64 95 152 125 255 246
    32 97 72 0 2 28 232 7 192 7 193 159 158 0 63 255 128 8 0 77 117 178
    159 11 195 243 218 239 126 127 4 37 213 97 184 13 47 28 115 133 255
    151 255 223 252 5 192 2 255 240 79 69 64 13 191 251 95 76 126 228
    136 126 28 63 232 99 196 7 63 31 14 0 38 7 225 28 124 6 127 191 127
    248 78 77 0 254 159 122 116 5 155 128 134 7 255 238 158 208 128 5 22
