<?xml version="1.0"?>
<opencv_storage>
<desc type_id="opencv-matrix">
  <rows>150</rows>
  <cols>32</cols>
  <dt>u</dt>
  <data>
    1 236 24 6 1 190 31 255 222 0 0 0 138 125 192 127 204 42 252 127 250
    115 237 191 224 230 159 255 253 192 66 0 1 252 59 224 112 118 6 127
    159 192 118 123 194 235 245 255 189 248 15 111 123 127 177 157 228
    137 95 63 188 156 234 64 1 232 28 127 135 126 7 127 223 192 5 130
    250 235 208 255 140 42 255 95 249 60 76 189 224 150 95 255 189 233
    66 0 19 253 51 224 0 246 6 127 159 192 118 123 194 239 253 255 189
    248 15 111 123 63 48 124 231 153 95 255 252 156 236 64 255 255 255
    131 60 191 251 255 231 127 150 96 7 255 255 255 255 255 253 240 252
    127 242 124 126 133 252 0 29 28 219 227 1 255 127 224 32 54 71 251
    223 248 22 104 62 35 127 199 189 245 3 159 123 127 149 191 233 137
    31 255 182 28 239 254 16 192 0 96 240 254 6 19 31 3 232 143 254 224
    0 1 128 0 20 191 123 107 245 220 109 154 127 63 169 97 111 2 7 255
    255 224 144 179 199 251 231 222 4 109 127 211 127 239 253 127 254
    159 251 127 243 112 223 169 223 0 55 28 99 248 1 255 127 224 32 62
    71 123 223 248 22 104 62 35 127 198 189 245 3 159 123 127 149 191
    233 137 31 63 182 28 239 254 1 253 254 224 37 252 87 255 223 240 128
    3 235 255 128 199 128 32 237 127 59 115 239 191 158 130 127 127 246
    192 110 128 1 63 125 96 0 118 6 31 159 140 26 75 114 239 252 253 133
    255 254 239 123 127 176 252 237 136 95 63 188 28 239 0 1 0 0 224 64
    112 135 248 7 200 224 139 96 35 25 200 118 130 235 159 59 103 147 12
    31 136 125 255 250 33 104 21 6 6 206 12 1 158 15 129 156 31 132 64
    203 148 11 0 65 128 20 15 122 115 205 159 224 255 159 255 229 208
    226 191 1 4 15 251 223 224 121 64 16 120 31 250 128 28 120 192 77
    224 1 131 7 224 107 141 158 190 99 143 204 253 225 252 18 192 0 96
    241 254 6 19 31 3 232 143 254 224 0 1 128 0 4 191 59 107 245 220 111
    154 127 63 169 97 111 2 62 63 152 112 1 127 127 255 223 15 31 96 75
    239 254 191 197 175 254 111 251 123 205 191 224 217 95 60 60 127 230
    17 1 228 8 16 192 63 7 240 231 240 41 136 127 217 96 98 68 1 28 159
    251 63 204 127 224 136 87 127 54 33 3 193 253 255 254 7 170 15 255
    255 252 124 7 180 12 20 255 255 221 3 35 176 244 186 12 187 224 103
    158 224 33 209 23 79 7 255 255 240 3 248 7 229 157 255 132 125 254
    125 127 162 121 213 52 159 27 123 255 156 255 249 255 31 190 221 224
    255 6 7 12 26 4 16 7 249 255 254 4 123 255 235 64 0 64 0 11 158 234
    152 221 254 248 133 94 14 52 58 226 28 62 55 128 16 192 191 255 255
    238 127 31 143 247 255 255 255 93 255 255 240 251 31 240 124 109 43
    254 56 61 21 19 14 253 255 254 7 255 159 255 255 252 248 5 128 158
    31 255 255 221 0 35 184 244 184 76 187 224 231 158 96 1 209 31 141 1
    128 63 127 143 254 71 69 222 56 7 255 208 28 33 0 28 1 144 31 105
    255 253 157 239 254 223 15 61 222 195 223 193 249 123 249 253 248 0
    0 35 192 63 250 161 162 5 195 189 192 1 15 27 127 107 163 223 152
    103 3 230 252 175 221 30 0 128 0 0 7 135 255 207 7 250 64 7 236 0 16
    50 0 64 94 251 14 4 124 97 72 158 255 118 46 228 7 1 255 255 228 3
    131 134 88 39 207 6 101 36 227 255 253 190 135 175 223 3 143 50 68
    95 121 189 255 251 16 233 255 3 63 255 224 17 187 247 255 231 159 6
    69 124 125 191 237 189 71 250 94 187 127 243 126 255 169 190 0 59 28
    235 222 1 128 127 254 15 248 7 0 216 254 7 127 216 24 64 0 18 0 4
    159 11 243 255 189 167 188 103 0 4 250 224 27 31 127 254 0 0 131 7
    250 239 207 132 124 15 227 31 31 226 20 173 158 187 0 52 127 161 124
    156 255 253 152 229 63 1 207 255 255 30 63 7 255 63 199 7 107 131 99
    128 31 128 0 90 94 196 144 12 115 144 137 31 255 254 235 242 0 1 236
    0 8 1 96 7 118 31 240 132 255 128 108 48 98 2 40 16 159 27 64 147
    141 7 158 127 191 248 187 97 224 255 253 192 0 32 7 246 255 199 193
    224 24 63 232 5 247 162 240 4 56 250 62 4 92 32 70 158 240 58 1 47
    236 249 255 112 15 255 255 127 255 249 248 121 128 191 27 253 255
    221 112 127 216 252 184 108 251 224 134 158 96 51 225 30 40 1 128 63
    249 223 248 6 0 31 14 31 235 255 226 28 128 13 96 255 79 27 0 204
    252 248 153 109 0 52 127 224 184 13 255 56 113 248 32 123 225 152
    124 7 227 224 93 253 254 93 0 127 145 37 96 15 159 16 137 3 255 202
    221 16 1 6 127 222 112 0 120 71 241 255 247 132 56 127 219 126 34 64
    5 188 159 123 124 203 191 220 154 127 14 54 81 227 240 7 255 191 224
    144 190 199 250 231 222 4 101 255 195 127 239 221 47 175 175 123 127
    243 114 255 169 223 0 55 28 99 208 1 252 124 64 1 252 7 115 223 200
    0 67 210 194 15 195 141 255 253 31 123 115 253 157 164 183 127 63
    181 84 98 252 2 200 12 240 3 192 6 5 223 224 40 104 0 237 0 0 128 0
    20 31 11 0 48 156 3 121 159 255 252 163 224 24 1 255 255 254 15 129
    140 65 9 223 22 124 135 146 127 237 189 175 189 128 6 132 242 76 3
    121 144 223 229 222 233 241 7 127 255 240 0 192 6 224 31 255 6 111
    248 232 63 162 127 221 60 143 27 96 243 157 154 184 255 63 255 208
    224 255 193 255 255 191 190 22 0 120 35 252 7 250 3 227 255 255 157
    27 173 132 196 128 36 66 96 132 65 239 220 220 211 134 65 248 127
    248 253 224 132 0 103 240 127 234 1 226 1 192 189 192 28 143 3 71 50
    102 31 24 112 3 58 188 236 157 0 0 15 240 16 0 7 255 31 0 121 168
    131 236 128 1 192 0 84 126 251 176 107 191 152 136 95 255 254 227
    226 40 0 0 0 30 3 31 231 241 227 252 4 120 25 210 120 64 70 169 126
    159 248 127 12 55 132 116 191 255 238 25 194 225 13 46 12 224 5 253
    247 245 241 252 8 33 252 221 120 66 64 1 60 158 187 125 255 247 255
    137 94 28 58 99 97 193 5 255 255 252 7 239 247 251 1 240 134 124 151
    227 225 127 122 26 171 159 11 127 48 128 39 120 191 255 201 232 225
    11 30 12 0 120 1 248 7 234 31 120 104 139 206 162 192 79 64 0 3 175
    59 64 239 143 158 185 127 63 244 227 97 1 1 4 63 20 0 24 7 224 71
    252 6 96 0 107 248 128 93 244 250 31 120 66 11 157 20 200 61 127 254
    220 194 185 7 63 63 192 80 22 135 250 239 158 52 69 255 227 127 255
    253 255 171 255 251 127 242 112 254 137 159 0 55 16 99 212 1 255 127
    240 253 225 161 120 97 252 5 130 2 59 249 71 221 11 235 144 3 2 50
    72 7 26 112 128 84 1 121 199 3 63 255 224 180 243 199 255 231 207 6
    109 124 127 191 233 189 255 222 94 251 127 243 127 254 137 223 0 58
    28 227 254 4 134 15 192 0 1 247 255 225 192 128 70 0 251 128 87 192
    0 12 88 187 100 51 157 7 62 248 255 223 226 224 0 1 191 58 14 3 254
    6 73 157 252 22 100 18 127 255 236 61 247 154 223 122 127 204 252
    225 229 159 127 189 30 195 253 1 192 67 63 7 31 215 239 236 112 159
    127 254 61 224 120 51 255 227 94 248 255 138 127 159 72 159 0 50 30
    199 67 191 255 255 246 14 31 255 255 239 247 150 108 7 255 255 255
    255 255 173 248 254 191 250 126 108 168 158 0 53 20 235 96 240 224
    247 243 252 0 120 19 152 3 251 128 40 16 71 125 178 250 161 160 196
    128 15 143 16 128 64 247 198 110 159 15 1 253 127 127 159 252 70 127
    159 216 31 255 218 235 120 232 141 67 227 223 11 245 255 143 174 158
    127 2 60 255 225 196 30 123 230 20 0 14 7 248 87 199 132 0 124 107
    211 127 163 218 235 223 250 96 13 143 16 88 31 255 186 80 230 6 1
    249 127 123 159 252 71 127 159 216 31 255 218 235 120 232 141 65 139
    223 11 241 255 143 174 158 127 2 60 255 225 196 225 252 113 239 254
    116 0 2 31 56 249 144 94 98 56 224 183 255 251 44 196 128 76 157 32
    134 69 247 200 109 28 225 3 255 255 224 3 128 4 90 15 159 6 101 36
    227 255 189 190 23 175 223 11 15 178 68 95 121 189 255 251 16 233
    255 193 190 57 159 223 13 6 0 15 156 59 240 135 227 124 204 93 127
    255 196 196 128 76 122 112 117 128 255 246 255 144 240 1 191 127 142
    7 30 23 119 159 254 6 96 2 44 127 239 126 129 161 191 122 255 140
    153 225 101 159 255 245 152 227 223 255 236 0 6 3 31 199 255 223 240
    128 64 95 227 224 254 1 160 235 156 248 63 204 92 96 197 158 255 61
    16 6 1 13 206 8 28 0 7 247 255 239 240 6 124 33 155 32 67 66 185 5
