<?xml version="1.0"?>
<opencv_storage>
<desc type_id="opencv-matrix">
  <rows>150</rows>
  <cols>32</cols>
  <dt>u</dt>
  <data>
    1 236 14 66 5 248 7 122 23 192 6 127 240 99 16 255 215 232 10 223 27
    99 235 128 94 128 127 255 234 222 227 5 1 249 31 226 13 248 7 250 31
    224 4 99 252 35 0 114 133 174 11 159 27 97 235 129 222 128 127 127
    235 222 227 65 4 2 206 112 0 240 7 128 31 127 132 127 234 224 10 0
    114 0 254 15 59 113 243 159 158 186 127 63 252 209 226 187 1 192 127
    184 0 120 6 16 15 128 151 123 70 226 3 241 189 250 129 47 27 67 179
    12 31 152 125 255 252 28 227 15 6 2 204 152 0 7 199 255 223 223 128
    127 62 25 15 0 64 0 0 158 250 27 52 120 224 120 94 255 246 186 227
    254 1 236 14 2 0 252 71 255 159 200 6 121 252 35 16 223 223 232 11
    223 123 127 239 155 220 129 255 255 250 222 227 5 22 249 238 224 5
    252 7 249 159 241 132 67 200 195 115 246 160 24 47 159 59 115 239
    191 239 185 127 63 229 192 227 230 6 3 204 120 0 71 215 255 223 127
    128 127 174 16 15 0 65 0 0 158 235 190 52 122 249 120 94 255 246 190
    225 254 6 3 223 248 2 192 41 128 48 63 134 127 136 0 2 0 64 0 0 143
    11 246 35 131 151 120 103 255 198 254 227 254 1 207 254 192 4 252 7
    255 159 119 132 7 242 228 2 2 50 28 0 159 251 125 239 252 252 130 95
    127 191 208 227 126 30 127 128 64 0 62 6 211 159 140 0 15 242 162 8
    15 132 0 161 175 123 115 205 157 160 130 127 127 165 192 99 24 1 249
    255 240 60 113 135 126 239 227 134 107 63 235 7 119 185 218 3 158
    155 3 144 123 231 136 124 255 246 28 235 15 6 0 15 255 15 13 135 250
    7 199 7 119 240 99 0 0 1 0 10 94 4 128 12 12 3 68 60 223 251 222 224
    117 126 63 242 0 32 56 251 255 240 63 100 123 250 221 251 7 121 223
    252 97 251 127 251 191 220 129 111 56 20 30 110 143 1 128 126 126 7
    254 87 109 220 120 7 254 152 125 169 128 77 0 254 31 123 127 237 191
    228 250 127 255 254 253 226 180 63 127 244 64 0 243 251 231 224 124
    132 15 127 220 124 142 68 117 188 160 251 127 179 119 223 9 226 56
    23 1 111 184 1 255 126 27 0 16 127 127 25 248 7 127 252 43 255 239
    221 0 43 159 56 96 235 141 4 138 255 255 218 248 195 255 255 255 163
    128 240 0 8 8 24 112 250 127 248 127 255 255 189 248 58 228 244 128
    243 141 136 190 192 249 235 222 30 133 2 0 207 224 7 142 7 255 223 7
    132 127 254 236 3 0 178 0 68 127 107 191 100 94 23 105 159 255 248
    250 226 63 127 255 255 240 48 124 222 255 223 131 7 107 242 239 255
    255 157 127 237 254 251 125 203 124 220 152 95 16 62 57 239 56 255
    254 35 152 96 192 56 62 16 224 244 127 240 127 255 255 253 248 14
    224 54 0 243 141 136 190 64 249 223 222 156 13 1 255 255 128 0 0 7
    126 31 192 54 71 6 99 0 7 190 0 3 159 59 1 176 216 232 40 255 255
    249 128 238 51 1 255 125 192 112 240 7 254 239 248 58 92 208 235 233
    199 205 64 11 159 59 0 250 61 160 186 252 255 253 224 239 252 1 191
    255 120 5 248 30 95 223 142 6 64 0 47 191 253 189 255 130 127 27 121
    251 157 254 184 127 63 245 220 229 254 0 131 92 126 7 160 120 3 24 7
    0 248 32 194 0 17 129 124 28 175 2 239 147 132 95 101 175 223 202 62
    225 104 63 255 56 22 1 159 199 255 255 240 54 125 255 249 1 7 157
    128 28 159 250 127 207 255 252 233 191 255 254 212 134 255 54 120
    166 6 1 31 71 255 255 249 132 100 15 253 255 252 61 255 245 158 250
    59 204 255 232 196 158 255 63 220 83 244 0 0 207 240 0 198 6 7 159 7
    248 120 126 236 2 0 162 128 64 111 123 29 242 126 39 121 223 255 186
    103 232 31 243 121 178 51 252 48 8 0 16 12 53 239 254 60 255 252 189
    225 227 228 196 128 223 141 40 129 0 251 249 28 23 128 25 158 114 0
    0 128 7 240 31 252 100 124 6 99 15 130 124 7 251 159 59 3 180 218
    225 40 255 255 255 146 237 57 17 217 242 128 0 0 6 64 31 248 228 124
    30 98 3 128 191 128 74 31 59 0 245 158 224 122 191 255 250 128 236
    247 1 255 255 248 17 252 7 250 63 254 6 127 255 227 234 7 221 128 45
    159 59 91 252 226 249 255 127 255 217 208 227 255 31 127 255 244 3
    131 204 193 204 29 214 108 39 159 255 237 190 7 132 111 11 127 16
    120 87 120 191 255 246 62 233 244 17 216 114 0 0 128 6 0 31 248 228
    124 14 34 3 128 191 128 67 31 59 0 244 158 225 126 255 255 254 208
    236 243 62 252 160 15 0 62 199 255 255 240 134 126 255 239 255 255
    173 192 4 95 250 127 239 255 252 134 255 127 55 212 195 204 7 63 221
    240 1 248 6 205 157 159 10 47 234 239 252 60 1 240 255 95 59 112 107
    159 158 152 127 63 188 197 232 140 1 128 122 0 0 0 7 250 31 252 36
    78 30 98 15 128 124 54 251 159 59 3 180 222 225 42 191 255 251 22
    239 57 9 52 34 112 1 248 31 255 223 8 228 79 248 239 191 233 253 255
    222 127 59 113 251 191 222 184 127 63 253 220 237 251 26 219 214 128
    1 70 6 251 31 199 228 96 66 99 14 1 178 167 203 31 123 8 4 122 241
    125 31 255 252 16 237 89 1 255 56 190 7 252 71 255 223 240 40 127
    252 107 236 199 140 96 15 191 59 115 237 189 161 150 126 255 251 235
    235 248 9 158 126 0 0 128 7 240 31 252 4 124 127 162 79 142 127 175
    161 159 59 3 244 220 225 127 191 255 231 16 229 49 65 236 127 224
    252 254 7 127 223 224 224 66 154 227 1 247 173 120 3 63 251 56 108
    255 224 128 95 127 55 192 110 196 5 135 63 112 1 224 7 249 159 254 6
    111 56 107 224 2 93 128 63 159 11 112 3 159 131 136 127 14 62 158
    224 255 1 2 63 240 0 96 7 255 31 254 22 127 232 107 2 0 126 128 255
    31 11 96 19 159 159 136 127 14 60 158 224 159 1 255 60 64 144 248 7
    255 223 254 0 63 252 107 2 7 205 0 10 159 251 65 255 191 160 187 254
    255 249 225 99 190 1 172 63 240 0 96 7 96 71 248 23 107 7 211 113
    194 125 249 30 159 11 67 147 94 15 8 113 255 252 28 225 200 13 22
    126 0 1 194 7 240 31 252 4 124 119 194 76 158 118 167 173 159 59 11
    52 252 225 127 223 255 231 16 229 81 65 204 127 192 49 254 87 255
    223 248 96 127 255 226 1 195 221 248 28 159 251 127 237 191 224 130
    159 127 181 248 123 228 7 255 255 254 15 224 120 126 227 31 6 101
    128 20 254 47 194 1 128 227 3 203 243 228 255 53 232 1 217 186 233
    203 1 252 127 240 17 224 7 112 103 240 23 111 91 219 97 230 125 251
    30 159 3 67 48 63 167 25 112 255 252 28 233 201 193 249 255 224 124
    16 4 63 31 128 100 175 255 35 191 247 189 255 227 111 71 128 253 154
    104 129 127 247 245 153 126 248 30 55 255 58 0 94 251 239 216 63 22
    127 254 93 255 174 127 247 245 113 250 127 243 191 254 153 111 24 30
    190 227 159 4 0 206 62 7 254 7 128 31 63 132 62 128 100 130 0 98 153
    193 95 122 54 12 63 129 222 95 31 188 209 224 235 5 254 46 63 140 49
    247 255 227 240 135 128 8 219 255 255 253 253 13 152 228 160 15 143
    16 128 24 255 246 89 81 225 13 255 126 0 0 7 199 249 231 252 4 126
    63 211 127 238 124 127 255 156 250 62 4 114 240 64 158 255 54 33 99
    248 7 62 238 192 0 128 135 224 3 253 132 127 96 2 127 252 125 255 1
    159 11 103 179 4 31 43 165 31 227 16 225 248 133 252 46 31 136 1 247
    255 225 248 133 160 8 27 253 255 253 255 171 144 132 128 11 159 16
    132 48 255 214 217 19 232 129 252 63 255 255 64 4 122 31 192 63 192
    252 99 241 255 157 251 235 255 4 128 76 136 16 216 93 199 250 92 240
    0 1 236 127 224 61 248 6 113 29 248 54 111 254 0 48 224 191 233 3
    159 59 115 239 155 220 152 127 3 38 220 235 225 7 255 190 15 7 255
    199 255 159 248 4 21 255 227 127 238 77 113 187 158 250 159 252 124
    109 247 222 14 57 208 99 232 17 223 221 224 32 124 7 255 159 200 8
    10 190 232 0 131 134 103 227 63 123 112 77 159 144 152 95 63 182 225
    239 20 63 255 255 240 113 126 71 255 31 240 58 71 199 235 253 255
    140 96 63 159 59 103 11 142 23 136 63 127 253 234 235 252 51 255 255
    240 63 248 8 0 56 7 150 109 120 31 255 191 190 15 12 103 11 251 251
    165 255 233 167 1 131 34 232 243 1 252 110 31 140 1 231 255 227 240
    135 135 249 251 247 255 253 255 47 152 196 160 139 133 0 128 88 255
    241 153 83 225 12 51 59 128 1 103 135 241 239 231 52 64 43 227 126
    50 93 229 163 158 59 60 10 115 159 88 31 191 62 20 233 189 1 255 62
    12 3 192 7 96 7 240 4 127 128 34 127 255 77 127 131 143 2 67 178 0 7
