<?xml version="1.0"?>
<opencv_storage>
<desc type_id="opencv-matrix">
  <rows>150</rows>
  <cols>32</cols>
  <dt>u</dt>
  <data>
    1 240 63 255 255 248 4 40 31 96 31 190 18 227 229 246 157 240 26 143
    5 193 253 141 225 166 229 207 237 223 80 40 1 0 0 96 0 112 7 67 30
    56 224 75 127 162 32 0 67 192 3 31 59 123 147 240 252 137 127 63 162
    20 111 245 97 232 3 27 72 124 71 253 223 192 55 123 255 235 129 255
    191 250 13 95 251 125 239 253 220 132 127 127 246 95 146 15 97 224
    35 27 72 124 71 125 223 192 119 123 255 235 129 255 191 250 12 95
    251 125 239 253 220 132 127 127 182 95 146 15 6 16 46 100 3 202 7
    128 31 224 4 127 127 162 15 192 13 7 10 159 27 95 240 96 239 125 167
    31 195 28 225 209 16 224 0 96 240 124 6 31 223 128 33 154 254 237
    128 125 131 224 227 127 123 120 79 253 216 154 127 127 190 94 102 13
    65 236 127 243 252 127 255 255 255 224 255 2 44 19 161 231 251 208 3
    63 251 127 11 243 222 136 127 255 242 5 255 207 254 19 224 1 248 124
    103 241 209 255 224 134 231 249 127 0 123 245 126 159 251 125 239
    142 220 134 119 127 255 212 30 255 4 0 15 190 7 224 1 240 15 247 158
    127 143 227 96 0 98 0 1 147 11 67 48 14 7 105 160 255 197 171 225 15
    17 243 254 192 0 0 132 16 35 199 196 111 64 2 15 176 169 4 0 155 11
    68 179 0 31 41 161 255 200 30 237 126 1 159 60 96 3 231 6 67 159 28
    8 0 82 160 8 1 76 4 1 174 235 44 236 92 32 249 159 255 229 96 97 254
    0 0 207 190 7 193 7 240 31 247 158 126 191 227 2 0 98 0 5 147 2 130
    36 191 163 120 160 255 199 238 225 63 17 192 64 112 224 120 6 29 223
    129 249 170 42 235 0 217 128 2 252 111 123 113 143 159 248 136 127
    63 190 35 110 1 17 136 112 96 0 112 23 67 156 56 120 11 126 2 168
    128 54 32 3 31 59 112 179 159 152 136 127 63 170 2 238 248 0 0 76 24
    0 192 71 7 223 39 132 251 248 100 2 0 65 128 0 63 59 112 251 189 168
    190 126 255 252 217 66 219 6 0 143 254 7 225 7 240 31 199 158 110
    191 227 2 0 34 0 3 147 11 195 48 27 7 120 176 255 199 231 225 63 65
    192 127 251 124 124 87 127 255 193 255 2 36 25 3 113 187 250 3 159
    251 127 223 250 252 152 127 127 178 1 255 15 1 12 127 224 0 56 7 232
    48 252 4 110 9 111 233 128 77 119 235 95 59 115 203 131 222 136 167
    63 252 208 234 24 0 0 76 24 0 224 71 7 223 63 133 251 248 100 0 0 65
    128 0 63 59 112 251 157 168 190 126 255 252 221 64 219 25 248 240 96
    0 112 6 119 159 120 244 75 250 108 41 192 182 32 18 159 123 112 19
    159 152 136 127 63 190 2 239 249 1 192 47 240 1 192 7 244 255 240 22
    111 127 217 103 242 126 31 188 159 59 25 244 247 249 121 191 14 62
    42 225 186 2 0 206 0 1 63 199 254 103 199 132 130 99 227 2 0 2 0 12
    28 251 6 4 99 17 0 28 255 125 16 67 255 6 0 15 192 149 120 7 254 231
    7 142 15 248 237 128 0 34 0 26 95 59 66 10 61 23 130 60 255 253 194
    226 63 0 0 15 51 0 0 7 248 23 195 135 79 248 3 0 0 162 128 10 95 8
    96 155 141 136 138 63 255 225 26 192 223 193 248 57 123 253 252 6 0
    31 0 59 190 128 98 1 208 141 112 2 15 125 64 237 159 224 134 127 3
    61 233 18 12 65 160 63 225 252 248 6 1 28 56 59 159 250 226 241 248
    13 127 251 143 59 97 255 157 160 154 127 0 45 233 27 64 241 248 227
    240 127 252 0 8 31 1 251 192 205 227 193 255 178 254 12 111 27 65
    239 135 156 153 127 0 56 238 238 71 30 23 199 224 1 235 199 129 15
    127 196 109 0 35 255 6 98 149 139 143 27 127 179 12 7 105 191 191
    235 146 237 251 254 7 224 7 0 158 3 204 80 127 228 112 203 253 251 2
    122 213 254 79 252 127 237 159 252 165 135 255 157 222 30 191 129
    128 63 127 255 252 6 0 31 0 7 182 128 100 1 192 157 3 128 111 125
    192 237 159 160 150 127 0 61 249 83 214 30 3 192 96 100 48 7 129 31
    63 250 71 255 32 10 0 114 128 0 143 11 216 159 242 248 129 63 255
    227 38 237 255 126 7 240 193 252 248 7 228 64 255 224 134 239 253
    251 0 115 245 254 27 59 67 235 30 30 134 97 255 223 209 30 255 29 7
    241 224 116 240 7 224 97 255 248 27 111 221 127 2 115 241 124 155 27
    67 179 31 31 154 96 255 220 1 236 255 127 255 254 128 32 192 8 248
    115 240 196 63 250 219 255 255 252 64 30 99 59 64 243 157 168 190
    113 255 220 193 110 116 14 7 143 240 1 240 121 129 24 63 232 105 124
    2 56 0 66 5 3 47 27 121 251 131 223 185 231 191 202 43 224 254 14 6
    132 240 1 248 121 131 24 63 232 105 252 20 56 0 66 5 3 47 27 121 251
    139 222 185 103 63 202 43 232 255 1 198 127 16 128 0 23 251 31 192 7
    95 252 3 0 3 194 0 11 31 28 224 251 157 232 138 255 255 225 22 211
    95 1 253 255 240 48 250 7 127 223 192 246 99 224 232 1 199 190 96 1
    191 123 127 243 253 255 153 127 63 180 30 239 28 30 3 129 224 3 238
    7 129 159 7 250 127 207 224 2 0 114 128 0 159 59 27 252 126 249 123
    223 191 189 166 237 127 62 127 255 128 0 0 251 255 16 127 132 127
    203 239 255 255 126 120 62 224 250 36 3 131 24 10 26 255 204 161 232
    106 31 63 255 192 0 7 255 255 224 255 4 104 32 95 255 174 124 79 255
    208 251 62 0 119 208 1 146 254 218 146 234 214 5 206 95 30 2 15 247
    255 223 240 134 120 0 171 192 23 66 0 35 159 252 254 12 191 148 124
    159 255 246 90 226 15 30 1 199 224 244 240 28 15 222 7 248 154 250
    28 143 25 162 80 82 111 59 112 251 159 158 154 127 63 252 99 104 30
    0 0 14 192 144 0 199 255 215 135 132 31 250 109 0 1 242 0 2 94 187 0
    251 157 136 134 92 255 252 209 96 63 1 196 63 254 6 0 7 248 31 240 6
    103 255 227 96 94 93 248 45 159 10 128 5 155 0 121 189 6 51 92 225
    12 1 130 255 190 14 68 7 112 127 223 158 120 127 195 2 0 98 128 15
    159 68 184 205 243 248 220 95 255 230 47 224 255 30 0 128 2 0 1 231
    255 227 223 224 71 254 251 10 0 34 128 4 24 250 32 11 157 144 129 28
    255 123 18 239 255 13 255 255 134 0 31 119 255 243 252 6 124 3 255
    240 31 86 0 47 156 254 127 204 255 232 229 159 255 189 154 211 9 6
    48 206 255 15 254 0 0 31 7 132 125 220 108 124 252 35 255 161 175 2
    131 76 156 33 119 135 223 217 209 225 196 1 208 127 224 0 184 4 26
    31 130 6 69 0 99 143 249 189 255 218 111 27 99 179 141 31 9 191 63
    253 28 226 123 15 127 255 240 1 224 30 255 159 223 6 111 250 99 127
    239 252 3 139 239 59 126 51 189 223 56 127 191 255 226 233 208 6 54
    14 60 0 192 7 255 223 246 4 255 244 235 255 255 77 57 11 223 58 1
    252 92 104 254 255 14 56 249 225 232 127 255 186 51 128 16 24 255 31
    28 7 239 254 111 255 255 157 128 161 227 252 0 143 157 248 137 127
    255 217 156 147 141 254 123 240 15 0 16 24 159 28 15 132 240 254 111
    255 253 141 255 255 96 248 0 15 159 0 133 106 251 220 93 71 209 30 6
    0 96 192 248 95 199 222 31 248 139 250 60 158 1 98 4 0 111 59 115
    251 191 158 154 127 127 252 97 102 251 254 121 228 15 32 16 56 31 28
    7 192 184 112 111 223 253 161 255 255 96 248 0 13 141 0 150 66 251
    216 89 78 122 193 232 99 224 255 252 6 60 231 224 250 110 255 237
    193 247 178 254 2 159 59 65 239 191 156 128 125 3 52 238 190 32 30
    127 199 224 1 202 7 255 159 113 250 111 212 228 97 7 162 192 1 191
    59 127 240 124 111 121 191 63 185 174 233 143 1 251 255 224 1 240 6
    16 127 207 134 79 255 195 30 57 130 7 45 159 59 91 243 115 255 152
    125 63 182 2 233 241 1 239 31 123 159 252 6 96 31 252 31 159 250 3
    112 76 13 131 163 159 27 115 111 155 156 154 127 31 165 222 227 193
    236 6 32 7 250 31 135 204 1 255 96 62 23 255 255 156 125 63 255 92
    252 175 156 68 96 194 129 254 30 1 19 82 252 6 32 132 98 15 135 236
    0 124 224 62 55 239 255 140 125 63 255 88 252 142 4 68 96 66 128 255
    223 1 31 82 30 248 162 96 224 112 7 255 223 193 215 107 250 239 247
    255 191 255 255 255 123 112 139 189 152 136 95 63 190 28 230 67 4 32
    12 1 128 254 7 255 223 7 128 131 214 239 252 252 68 47 255 255 251
    123 236 220 236 134 127 127 60 227 66 32 15 31 252 192 176 112 243
    228 224 255 0 137 107 157 111 2 73 117 252 145 27 119 179 159 159 9
    96 126 196 28 107 254 31 63 0 0 192 120 255 247 156 124 4 111 127
    212 124 134 93 245 52 191 59 127 179 154 31 152 111 62 140 28 7 248
    29 63 252 224 49 248 251 247 158 63 224 203 110 228 63 167 69 113 20
