<?xml version="1.0"?>
<opencv_storage>
<desc type_id="opencv-matrix">
  <rows>150</rows>
  <cols>32</cols>
  <dt>u</dt>
  <data>
    1 255 255 152 0 66 7 254 95 246 6 126 130 235 239 55 221 179 255 159
    58 0 32 31 17 56 95 0 63 220 224 155 14 3 140 69 130 1 247 254 225
    247 133 239 255 223 255 62 73 124 12 152 200 253 155 243 254 201 144
    0 19 24 65 126 4 6 28 31 130 14 7 224 97 254 7 129 255 251 232 6 76
    54 127 159 232 140 12 66 120 87 17 0 50 22 66 120 4 6 28 31 130 15
    135 224 97 254 7 129 255 219 232 6 76 54 127 158 232 140 12 66 120
    95 1 0 48 18 66 120 16 192 0 112 241 240 24 5 220 1 249 187 194 28 0
    25 162 0 20 111 59 115 243 159 239 154 103 191 228 43 108 7 18 192 0
    112 241 250 30 5 220 3 251 128 16 28 0 17 162 0 0 111 59 115 181 157
    165 152 127 127 228 35 110 15 1 132 63 192 16 0 7 112 31 248 6 126
    15 226 56 192 93 240 43 159 123 16 253 255 232 138 95 6 54 220 241
    252 15 63 190 0 0 48 231 253 225 252 4 11 47 219 121 198 76 5 5 158
    187 124 3 243 222 136 90 12 54 129 225 244 4 198 239 120 1 206 7 254
    223 243 134 95 158 107 227 23 65 252 14 159 123 63 240 124 239 127
    223 14 57 150 224 127 1 134 63 64 0 0 7 112 31 254 6 122 41 226 120
    0 93 240 43 159 123 24 255 247 248 138 95 0 34 156 227 252 0 192 15
    248 5 248 0 26 31 0 6 74 128 35 128 95 192 0 10 111 27 99 251 141 31
    152 111 31 204 208 225 0 14 6 207 224 7 252 247 255 255 255 196 0
    138 253 250 14 114 0 48 159 59 127 239 255 222 136 127 28 63 192 226
    63 1 132 62 115 132 49 135 248 15 248 7 97 143 227 124 192 77 96 43
    158 200 134 2 10 4 129 124 6 52 232 195 252 4 150 239 120 3 207 7
    254 111 243 134 95 255 107 239 167 104 7 11 31 107 31 240 112 231
    123 223 14 57 16 225 242 1 255 255 156 3 207 7 255 223 252 6 126 134
    235 248 15 221 128 10 223 122 27 244 124 225 124 95 14 60 222 226 87
    5 191 62 12 3 193 247 255 243 254 4 119 228 91 248 6 77 119 255 152
    139 121 147 204 255 119 190 12 57 144 225 252 1 128 127 248 22 112
    134 0 71 230 7 107 131 227 0 0 114 0 12 15 11 237 147 30 30 152 125
    0 54 187 224 63 12 6 76 0 0 152 119 255 241 255 132 117 250 28 120 2
    65 1 48 159 251 112 239 191 140 183 255 28 21 208 99 252 1 22 24 71
    134 4 7 192 39 252 8 176 1 2 60 128 77 33 187 159 72 128 204 96 96
    100 157 4 34 213 67 184 19 123 254 240 7 224 128 0 3 159 4 255 224
    239 191 168 141 7 254 67 3 64 3 14 31 137 32 0 28 217 96 254 249 255
    112 192 255 199 132 120 99 240 120 128 127 19 255 255 157 255 235
    156 229 189 244 96 225 117 151 0 35 1 61 192 0 128 15 240 5 248 0 10
    31 0 6 122 0 99 128 95 193 0 10 111 27 67 115 143 7 154 111 31 236
    208 225 0 6 0 143 240 21 248 120 129 16 15 251 162 112 20 0 0 66 128
    0 47 27 99 107 141 158 152 103 31 202 111 234 247 1 128 63 127 159
    248 7 112 247 240 7 126 56 3 1 192 29 224 43 159 28 249 207 179 222
    152 125 7 50 220 210 69 5 54 63 255 31 252 7 254 255 142 31 120 255
    239 255 255 93 255 207 127 3 145 237 251 232 252 95 0 58 126 224 60
    31 127 254 184 0 3 155 255 223 31 132 255 192 237 254 63 193 1 194
    96 130 128 48 31 3 25 94 0 60 157 224 191 30 0 129 240 244 124 95
    255 156 63 251 160 120 20 0 0 98 128 0 31 123 126 75 157 222 136 127
    63 166 111 110 207 1 200 127 128 0 0 7 96 29 240 6 127 240 3 96 192
    29 224 43 159 59 120 243 129 248 171 183 7 37 20 227 5 30 255 156 0
    0 96 7 224 31 246 4 7 211 226 118 118 77 0 33 143 59 0 4 157 1 10 95
    63 165 209 97 230 18 192 0 112 0 112 71 255 223 33 233 139 106 156
    128 83 162 0 80 127 123 127 179 159 158 152 127 63 180 47 226 3 237
    255 255 135 187 3 255 233 224 126 6 126 127 151 255 238 125 255 165
    128 132 30 2 115 223 70 152 0 35 28 145 216 1 205 127 132 0 140 7
    114 31 200 6 93 194 98 3 3 157 0 2 31 122 0 109 159 32 123 191 7 61
    208 226 255 1 192 43 240 112 216 4 1 223 32 126 78 0 0 1 192 191 208
    1 143 59 115 243 189 236 56 255 3 37 86 235 143 30 0 0 112 0 251 199
    255 255 199 246 105 251 253 131 0 58 0 84 95 251 127 243 187 175 153
    126 63 52 191 230 191 159 63 255 192 0 3 136 221 205 159 196 126 0
    255 255 189 186 7 254 96 198 132 16 92 17 122 88 128 58 16 236 159 1
    192 63 254 30 64 6 48 31 192 7 104 0 227 1 217 157 0 14 159 6 128 13
    143 16 216 127 7 58 217 225 64 6 7 46 16 0 96 7 254 31 254 4 123 64
    99 255 15 77 0 43 159 59 65 179 141 35 24 125 12 60 17 225 190 30 2
    128 0 0 15 7 240 239 255 128 77 203 251 98 0 65 0 62 158 251 30 12
    127 160 67 159 255 61 208 102 255 6 63 222 0 0 120 7 255 223 143 132
    111 250 47 220 189 192 34 250 127 123 112 111 159 144 136 127 63 188
    194 226 16 1 205 127 132 1 140 7 115 31 204 6 127 194 96 1 1 157 0 0
    31 122 64 239 31 4 127 191 7 61 208 226 254 30 31 228 0 1 242 199
    250 7 255 132 126 127 227 123 6 65 209 255 159 59 119 51 141 7 8 127
    28 38 24 101 255 6 22 174 16 0 112 7 250 31 247 132 123 0 99 111 183
    73 0 43 159 59 65 179 141 39 152 125 14 60 16 225 87 5 175 62 14 0
    28 71 251 23 254 4 87 84 99 120 63 77 96 1 159 250 101 223 140 32
    199 159 14 57 16 227 68 1 254 28 8 0 84 7 248 31 240 4 255 255 227
    96 254 76 0 47 159 248 0 76 68 16 150 93 14 62 249 66 12 126 7 192 2
    0 63 7 254 223 223 224 0 16 107 10 0 98 0 10 159 251 3 204 156 96
    132 189 127 61 64 31 250 126 7 192 6 0 62 7 252 223 223 192 0 16 235
    10 0 98 0 12 159 250 3 204 156 96 132 189 127 61 64 7 250 6 19 238
    236 7 239 199 255 159 223 132 126 223 227 31 128 122 133 207 30 203
    191 108 118 39 118 222 30 61 208 224 255 1 128 63 191 159 94 7 112
    255 192 7 127 155 147 1 192 157 224 45 159 84 243 204 187 224 120 63
    7 52 156 211 69 126 111 128 0 224 63 199 255 247 255 232 64 47 227
    240 127 66 2 255 255 251 127 176 247 252 137 95 48 62 34 22 1 14 55
    252 0 1 192 199 255 31 255 128 77 3 99 127 38 64 81 43 159 59 127
    243 130 255 121 190 28 61 128 225 254 1 192 63 127 158 0 7 112 31
    240 23 120 0 99 97 252 29 96 43 159 4 128 13 143 0 216 95 7 58 92
    225 64 7 14 12 192 0 248 7 249 223 252 8 2 168 235 112 14 64 1 61
    159 59 116 235 159 158 158 127 127 254 226 227 192 6 1 142 192 0 0 6
    130 31 31 132 79 194 96 2 0 2 0 0 63 27 64 177 159 32 9 239 31 189
    128 224 190 1 7 62 112 3 0 7 65 159 126 4 64 114 32 10 0 77 0 1 159
    11 219 19 253 223 121 191 15 38 16 225 254 1 238 127 248 4 240 7 255
    223 240 6 127 202 235 224 86 76 96 188 159 123 128 237 191 160 184
    127 14 60 209 227 8 6 75 143 192 0 0 6 182 31 135 132 79 64 108 0 3
    128 0 0 47 27 64 147 159 0 137 191 31 253 0 224 191 1 191 255 240 0
    96 7 248 79 220 4 106 187 227 120 15 76 0 62 159 27 0 107 31 30 136
    124 191 254 192 233 152 1 158 63 252 23 128 7 64 31 28 9 133 0 34 60
    128 76 117 67 79 6 128 48 140 3 121 189 0 41 161 224 248 6 7 207 224
    21 248 7 192 31 255 132 0 255 227 11 0 114 0 15 143 59 64 239 143
    168 154 119 31 170 192 227 254 63 254 0 0 192 28 247 255 221 240 32
    131 26 251 240 255 76 32 255 152 251 121 159 191 236 136 126 0 30 34
    6 136 30 95 226 0 0 0 7 248 31 253 132 121 128 99 11 130 186 129 11
    159 123 0 3 159 0 105 159 63 60 209 231 219 4 6 46 0 0 24 7 255 223
    200 4 127 254 107 11 195 126 61 10 159 250 11 252 120 248 191 255 63
    57 80 227 251 31 253 230 0 0 16 7 248 31 249 132 109 128 99 11 130
    186 128 11 159 123 0 5 159 0 129 159 63 188 208 231 219 1 130 223
    240 0 198 7 252 255 243 134 79 254 235 192 2 114 156 14 159 123 25
    244 126 232 120 223 15 59 154 227 35 126 48 192 192 96 51 8 136 8 31
    248 161 63 215 254 252 34 63 255 199 251 15 48 98 36 137 65 16 42
    163 47 96 30 0 227 128 1 207 7 248 239 199 254 78 223 235 31 48 122
    144 12 159 123 127 244 123 231 120 159 63 61 214 237 255 1 192 12
    120 5 248 7 58 95 192 4 74 139 227 1 215 205 0 239 127 59 0 237 159
    32 154 127 63 188 208 224 0 6 70 142 0 0 158 7 255 223 241 132 127
    158 107 1 3 114 244 10 31 251 127 244 252 236 126 255 63 57 222 227
    191 63 63 220 6 0 31 71 255 215 254 0 96 12 235 252 111 70 47 253
