<?xml version="1.0"?>
<opencv_storage>
<desc type_id="opencv-matrix">
  <rows>150</rows>
  <cols>32</cols>
  <dt>u</dt>
  <data>
    254 66 192 0 32 7 134 177 143 195 224 127 44 32 2 3 242 159 227 172
    228 156 2 126 20 64 158 255 226 144 31 135 254 66 192 0 32 7 134 177
    143 227 224 127 44 32 2 3 242 159 227 140 228 156 2 126 16 64 158
    255 226 144 31 131 30 63 128 176 0 86 123 255 222 31 248 127 248 20
    255 255 253 129 129 111 123 124 205 191 248 154 95 24 38 45 235 157
    1 128 15 240 4 240 7 112 29 240 63 79 220 2 1 192 93 248 5 159 27 65
    251 159 46 169 231 191 201 236 225 232 30 11 204 96 1 248 31 247 156
    63 128 15 128 36 10 0 0 0 2 159 59 115 255 157 238 154 127 63 236
    192 99 246 12 6 255 224 253 248 7 228 102 127 248 134 236 60 59 0 98
    21 2 155 27 67 251 90 31 154 96 255 219 225 107 250 1 248 127 204 7
    248 4 0 29 224 96 127 246 2 5 240 189 224 63 159 27 67 237 156 251
    246 103 191 225 213 232 173 62 0 128 5 129 63 6 1 159 15 132 129 182
    226 10 0 65 0 0 14 249 63 12 124 120 193 159 255 187 152 2 255 6 7 8
    112 1 248 27 224 28 254 0 186 120 98 0 0 77 224 0 159 27 99 203 141
    158 154 103 63 202 93 227 248 30 63 193 224 96 122 70 129 159 159
    248 75 96 34 56 9 226 129 67 111 123 127 147 242 254 137 127 63 184
    6 238 207 126 81 128 65 240 124 119 243 147 247 248 14 231 224 110 0
    2 1 5 159 123 127 235 132 222 130 127 127 239 225 31 250 30 127 160
    120 0 118 123 255 222 31 248 127 232 22 255 255 253 0 131 239 123
    125 255 191 248 154 95 24 38 45 239 157 6 23 15 248 20 224 135 224 1
    254 31 174 96 96 60 2 118 197 16 155 11 71 179 64 31 24 97 159 202
    43 225 244 1 248 127 255 31 254 6 97 31 240 5 191 196 224 96 194 190
    253 177 159 71 191 252 124 255 158 95 3 40 17 235 225 1 134 255 240
    53 224 7 96 1 247 248 123 31 130 127 34 98 5 5 155 11 67 178 14 39
    27 112 191 228 34 233 250 30 51 128 58 0 194 1 140 79 247 135 127 6
    255 254 60 2 191 254 92 96 12 176 92 35 63 69 255 221 187 197 1 0
    192 15 242 14 32 8 0 28 112 158 71 250 2 96 2 2 0 37 143 3 224 203
    137 152 137 103 255 231 226 224 32 122 0 192 0 0 0 127 255 156 3 196
    95 250 2 0 17 162 224 11 120 250 96 243 157 232 186 254 255 229 250
    198 1 6 102 143 242 28 28 59 243 56 227 232 31 232 18 0 99 194 8 1
    159 252 240 79 167 216 138 87 255 199 226 227 225 0 0 15 224 30 48 0
    0 24 193 250 79 248 19 0 0 0 0 47 143 11 224 75 141 152 129 35 255
    199 226 224 48 126 3 212 176 32 124 7 129 31 31 201 138 255 226 248
    8 65 130 250 239 251 96 207 155 128 138 95 127 174 65 126 5 255 255
    240 192 112 0 121 255 240 253 224 132 10 155 255 239 253 1 255 160
    156 128 251 159 232 129 160 248 199 16 63 255 1 132 63 113 220 176 7
    120 111 248 23 111 195 163 41 194 93 116 11 159 125 157 251 112 236
    169 189 6 53 156 194 248 4 134 79 225 253 253 135 252 231 193 251
    128 3 251 128 23 242 130 92 95 59 87 78 127 31 128 112 127 253 70
    106 3 0 0 15 224 30 48 8 0 24 225 218 71 248 18 0 0 0 0 47 143 11
    224 11 143 144 137 35 255 199 226 224 48 7 14 207 242 28 60 25 192
    28 252 232 7 248 16 8 128 66 33 0 159 126 240 111 159 216 130 103
    255 205 226 235 248 30 0 192 8 0 0 127 255 158 1 134 127 254 2 0 65
    162 224 10 123 250 96 241 153 232 62 254 255 229 210 198 13 1 132 63
    113 220 176 7 120 111 248 23 111 193 163 41 194 93 116 11 159 125
    157 251 112 238 169 191 6 53 188 146 248 5 191 28 63 6 94 199 249 31
    254 5 250 127 227 120 14 77 97 45 159 232 255 79 3 4 220 95 14 34 93
    227 252 126 123 128 3 204 254 7 237 255 254 8 246 190 31 252 124 5
    128 63 159 251 63 236 127 248 132 95 127 55 254 22 33 98 0 1 193 253
    63 199 255 239 193 248 64 192 189 0 113 178 32 67 95 251 87 12 61 23
    128 60 127 244 98 58 0 15 255 221 224 3 190 30 119 223 28 8 127 128
    36 16 15 192 0 16 175 123 127 221 191 252 202 191 127 252 161 227
    196 193 253 255 63 12 0 12 1 28 112 7 193 250 96 0 2 130 1 133 143 4
    192 15 139 144 137 111 255 238 254 197 136 27 255 255 240 48 250 215
    255 159 193 254 0 94 233 3 131 178 80 4 31 59 111 243 12 7 185 127
    127 252 1 239 190 225 248 255 158 42 0 4 63 31 192 228 250 250 98 7
    247 189 0 2 63 4 128 13 137 16 212 31 247 252 127 156 225 251 251
    247 192 124 48 40 32 80 243 240 3 248 221 255 246 178 129 254 129
    255 0 15 157 0 131 32 251 221 0 127 149 1 255 127 240 19 224 1 126
    31 248 31 127 223 239 129 199 191 192 30 115 3 3 48 30 39 120 241
    159 220 62 232 29 18 0 0 104 197 248 8 0 28 143 232 151 224 2 8 1
    130 5 254 47 27 111 99 140 31 158 103 127 207 227 102 179 1 192 15
    248 255 252 126 1 240 128 127 130 175 16 0 211 191 200 0 47 123 126
    79 179 220 152 127 255 231 214 186 5 1 192 15 249 255 252 126 1 240
    128 127 131 171 28 0 208 191 200 0 15 123 127 79 179 220 152 127 255
    231 214 186 5 255 255 246 128 32 0 61 255 216 253 224 127 222 125
    248 30 50 0 33 209 250 0 255 159 232 129 224 255 221 144 238 3 1 249
    127 192 0 178 199 249 255 198 6 111 255 227 63 248 189 255 235 159
    251 127 243 112 254 169 223 6 51 28 226 252 192 0 0 7 128 31 199 137
    33 249 192 128 5 227 253 252 98 62 254 223 252 255 4 98 253 71 151
    255 235 33 6 1 30 23 142 0 0 31 23 239 254 63 132 64 31 253 254 12
    98 31 252 88 251 16 76 191 224 136 15 24 20 214 226 243 14 31 239
    224 0 112 15 195 222 63 196 107 8 2 15 131 98 1 250 47 123 112 3 159
    156 136 127 127 172 170 234 179 1 255 63 255 159 232 7 122 31 248 23
    197 128 35 252 255 221 224 3 159 5 130 4 14 35 105 189 143 253 156
    208 168 62 63 254 192 48 48 249 219 34 31 228 3 227 194 255 63 242
    23 237 224 251 64 11 133 144 131 40 253 197 128 111 158 14 6 142 28
    1 248 7 255 159 255 132 63 252 235 255 126 65 191 255 223 59 99 253
    157 239 123 127 12 57 145 225 131 13 206 15 184 0 7 95 255 222 112
    202 126 2 61 192 95 66 32 1 254 250 255 180 255 248 122 223 255 188
    171 227 32 242 249 255 224 248 1 128 0 99 195 246 1 11 210 31 253
    187 223 253 134 135 128 2 39 144 137 48 243 245 128 189 87 15 255
    238 30 1 254 7 255 31 240 132 63 252 235 253 255 252 48 127 223 59
    127 242 124 111 191 255 12 57 81 224 168 1 255 255 240 0 18 7 249
    255 222 6 111 255 163 63 233 189 255 171 159 123 127 179 240 255 9
    223 6 51 28 227 249 12 7 222 14 3 255 7 252 223 255 4 63 134 251 226
    7 114 223 254 95 59 127 252 124 111 119 247 12 57 209 226 198 251
    255 246 63 6 64 24 63 31 131 135 224 254 111 223 255 189 2 2 97 4
    128 13 159 16 220 127 255 220 127 196 81 1 232 11 57 193 252 28 31
    252 128 63 254 175 144 0 255 159 232 0 111 123 115 237 179 252 184
    127 127 230 255 131 5 14 55 143 240 1 124 31 207 222 63 214 104 42
    164 254 39 114 252 1 111 123 112 15 191 152 136 127 63 182 97 226
    239 1 249 126 190 7 252 4 0 29 192 4 191 198 131 21 240 191 224 63
    159 27 67 237 220 239 246 103 255 228 209 238 173 15 239 223 144 0 7
    215 255 255 252 14 127 222 253 240 79 66 0 254 252 254 191 20 126
    224 122 31 255 60 34 227 136 5 255 254 128 0 147 7 252 255 252 4 69
    255 235 224 7 222 99 47 159 251 31 240 112 236 169 223 127 59 0 210
    92 6 119 174 127 143 255 223 255 223 39 7 240 254 45 255 255 77 0 67
    126 232 191 108 253 225 252 95 12 49 249 226 38 193 254 59 191 127
    227 247 127 231 248 55 255 216 239 253 199 221 101 255 56 4 145 240
    61 163 63 220 0 60 223 152 184 254 252 224 14 32 0 56 62 30 1 228
    254 0 111 247 255 179 255 251 225 124 128 12 143 0 118 165 249 218
    221 31 14 1 248 127 251 191 254 30 79 220 56 7 255 203 156 240 200
    140 0 20 95 123 115 237 187 224 190 127 15 180 251 122 160 1 232 9
    59 193 252 127 255 220 128 63 126 191 29 128 255 159 232 90 127 251
    125 239 155 156 136 127 127 254 254 130 5 13 15 62 30 3 206 7 248 95
    254 4 63 214 251 227 6 73 15 254 31 58 107 252 220 233 127 247 12 57
    209 226 87 19 255 255 240 16 112 30 95 223 143 22 127 202 239 191
    191 189 127 254 111 59 112 11 191 148 152 127 63 188 208 234 242 97
    255 122 128 0 16 7 255 159 240 32 79 248 235 253 255 221 120 127 223
