<?xml version="1.0"?>
<opencv_storage>
<desc type_id="opencv-matrix">
  <rows>150</rows>
  <cols>32</cols>
  <dt>u</dt>
  <data>
    14 7 14 96 4 243 247 255 252 126 6 15 255 221 248 2 71 231 254 31 59
    123 113 187 247 154 126 12 53 208 224 241 126 7 196 130 8 60 123 191
    156 7 224 99 233 194 6 63 226 18 254 239 251 112 79 163 156 128 127
    255 238 251 30 31 126 7 196 130 8 60 123 191 156 7 224 98 233 194 78
    63 226 18 254 239 250 112 79 163 156 128 127 255 238 251 30 31 14 7
    239 251 253 252 127 255 254 31 223 128 174 29 223 29 114 130 195 127
    59 127 111 187 222 150 127 127 246 192 235 31 126 7 11 123 252 124
    119 255 253 255 63 128 255 253 191 0 126 5 254 31 251 124 79 187 220
    150 127 255 246 193 18 191 14 7 15 112 4 243 119 255 253 254 6 15
    255 221 224 2 71 229 252 159 59 115 49 191 247 154 126 12 52 0 225
    245 5 255 62 126 7 127 71 255 223 224 5 255 206 235 229 247 205 96 3
    95 11 127 0 255 215 24 95 14 60 185 225 8 1 208 63 59 4 240 6 56 15
    192 23 99 3 227 135 249 189 62 255 95 27 67 178 12 39 136 125 255
    252 28 192 58 5 151 255 240 4 127 199 249 231 255 6 11 255 211 127 6
    77 20 61 158 251 125 159 241 252 137 95 14 50 0 227 190 31 14 133
    240 240 124 71 251 255 252 251 226 126 35 120 0 67 253 3 159 123 127
    219 251 252 152 127 127 182 63 235 237 6 23 255 248 5 248 7 236 241
    255 159 190 239 253 255 0 115 212 252 95 27 112 107 191 222 186 103
    31 254 193 224 191 1 216 63 240 208 192 30 1 156 56 63 111 248 98
    128 192 157 231 131 15 59 127 243 157 255 57 127 7 44 198 243 89 1
    207 62 128 0 8 7 255 159 192 4 126 14 227 0 3 141 0 3 63 123 127 243
    255 252 126 127 127 190 145 227 87 1 251 255 240 52 120 7 124 239
    199 6 107 127 251 223 189 157 246 3 95 27 3 148 123 164 136 124 255
    246 28 235 62 6 7 255 248 21 248 23 255 254 63 229 250 175 253 239
    12 114 150 252 95 27 120 235 191 223 158 127 63 246 255 232 63 62 87
    190 0 0 31 247 255 225 247 4 123 255 219 231 62 89 255 237 216 250
    28 204 115 248 129 16 254 86 28 66 30 14 7 204 128 0 29 119 239 248
    127 192 105 239 221 250 2 64 23 252 158 251 120 13 255 248 137 158
    126 54 218 227 250 6 121 239 248 5 248 7 249 159 227 132 79 232 35
    119 246 136 25 43 159 27 113 235 191 222 184 127 63 229 192 227 230
    6 123 143 224 23 248 7 248 95 231 0 67 232 35 118 54 140 8 139 159
    27 115 239 159 158 155 127 127 240 208 227 128 4 7 126 192 0 60 7
    240 247 255 4 64 127 219 106 0 64 5 189 159 251 24 76 243 216 128 21
    127 51 64 99 250 1 128 31 120 128 192 6 0 31 156 31 111 240 98 120 8
    29 255 3 143 11 251 243 141 239 57 127 15 188 150 225 81 63 127 255
    144 0 31 127 255 252 31 6 101 223 221 254 175 204 127 252 111 251
    127 177 191 236 41 223 0 61 184 234 240 1 204 14 3 5 252 71 255 159
    192 4 103 248 35 0 215 205 234 227 95 123 127 239 153 220 132 127
    127 251 220 98 5 1 224 0 0 128 62 6 33 159 240 0 79 246 224 96 114 4
    11 53 159 251 127 204 124 236 130 95 127 189 192 3 68 62 63 192 192
    101 126 123 255 252 31 240 0 239 221 255 47 114 93 252 111 251 124
    79 191 220 129 95 60 22 224 110 254 1 224 12 104 5 254 71 255 255
    224 4 2 190 107 32 114 133 43 251 159 251 121 237 191 248 150 95 127
    62 209 98 192 1 134 24 0 0 15 7 255 223 252 0 127 27 224 0 0 77 96 0
    158 251 61 156 189 160 88 31 255 52 62 3 248 1 255 127 64 1 56 119
    255 29 248 6 111 248 43 255 255 221 113 43 159 59 103 11 141 23 136
    191 127 217 216 227 236 6 127 223 254 7 195 7 250 7 247 134 120 240
    99 254 63 226 0 43 158 2 166 0 13 3 127 93 223 248 90 224 49 1 128
    34 128 0 0 7 0 31 96 116 79 30 98 79 144 61 242 187 159 59 0 177 158
    96 8 255 255 249 148 239 31 1 160 122 128 0 0 7 240 31 248 36 78 30
    99 115 120 121 255 154 159 59 3 48 222 96 42 255 255 250 16 239 198
    15 127 255 240 2 0 203 249 143 253 134 127 244 3 255 239 114 255 161
    160 10 140 19 112 31 121 152 255 224 26 233 247 1 128 98 0 0 128 7
    96 31 248 228 124 6 98 65 128 127 247 186 159 59 0 52 126 113 122
    223 191 248 208 237 27 15 127 255 244 3 3 203 225 140 125 134 111
    116 0 127 207 114 255 161 164 2 156 18 112 91 105 158 255 226 30 233
    246 31 127 255 224 1 248 57 230 28 61 198 101 83 236 255 255 119 255
    179 175 27 127 243 140 239 121 167 63 213 30 233 233 62 63 190 0 0
    31 243 238 224 127 4 127 251 221 255 62 121 247 253 144 251 127 179
    63 156 133 96 8 20 156 227 31 1 128 35 128 0 0 7 0 31 120 116 79 30
    96 65 128 127 242 251 159 59 64 49 158 32 8 191 255 251 148 239 24 1
    232 255 224 48 114 6 56 31 225 192 59 95 227 65 87 128 48 13 159 123
    127 147 163 238 154 127 63 180 1 107 10 18 249 128 96 0 124 6 63 223
    128 8 3 250 44 0 93 130 42 3 127 123 112 109 159 216 137 95 63 180
    192 99 0 31 63 191 224 0 243 255 255 222 30 6 11 211 253 254 143 77
    127 254 111 251 127 179 125 175 137 127 24 60 128 226 212 28 228 34
    0 0 0 7 224 31 240 116 79 30 98 115 118 121 255 154 159 59 64 177
    158 32 136 255 255 251 144 231 206 5 223 24 64 128 30 7 255 223 126
    8 0 218 226 108 135 76 32 1 191 248 242 76 157 160 137 31 255 189
    192 99 248 31 127 255 244 3 131 203 225 206 125 134 108 54 20 255
    239 114 245 161 166 11 206 18 120 31 105 190 255 227 62 233 252 5
    238 28 121 135 255 199 252 99 240 5 254 13 235 224 70 77 33 254 156
    235 143 12 102 35 152 88 14 56 233 96 128 0 224 40 59 0 252 87 253
    253 242 7 250 191 221 231 240 13 31 254 159 251 127 239 255 236 156
    127 127 54 248 195 230 5 62 47 248 5 240 31 223 223 12 100 75 224
    237 255 253 253 255 250 111 27 113 251 191 222 186 127 31 244 220
    233 248 15 63 62 96 0 20 127 255 252 124 4 107 107 253 249 230 77
    123 252 156 251 56 159 191 248 137 95 255 188 24 226 200 30 243 254
    0 1 70 7 184 31 231 132 71 0 99 127 255 189 255 251 159 59 20 14 125
    3 88 31 191 189 20 229 188 6 31 142 60 3 192 7 249 31 252 132 127
    155 227 40 130 65 127 254 159 10 193 251 191 163 124 255 0 61 252
    224 240 1 236 28 121 135 255 199 248 35 240 7 250 13 235 96 94 77 32
    254 158 235 15 76 102 39 152 88 14 56 233 96 0 25 236 34 0 0 0 7 96
    31 248 36 79 30 99 115 126 121 255 154 143 59 64 177 158 96 8 255
    255 251 144 231 206 63 63 140 0 0 191 187 238 224 124 0 15 255 223
    252 143 76 116 255 160 251 31 48 115 255 9 128 8 7 1 99 184 18 208
    32 27 0 252 7 176 239 226 7 243 255 219 71 176 141 126 61 159 250
    125 239 123 236 156 127 127 54 252 195 26 205 255 127 240 112 84 123
    255 156 56 127 127 255 237 253 255 127 224 126 127 251 125 251 187
    248 152 95 255 202 39 238 209 14 6 142 14 1 128 135 251 207 247 132
    69 226 227 126 55 67 176 11 159 26 4 51 28 23 101 188 8 53 208 225
    235 31 221 230 128 0 0 23 255 31 249 228 78 30 99 67 159 179 255 171
    159 59 0 49 158 0 10 191 255 250 144 239 26 5 255 255 240 17 254 7
    248 127 254 6 13 255 227 127 135 125 1 62 159 123 91 252 113 237 123
    245 255 253 86 227 255 5 63 62 24 1 235 199 193 227 124 6 103 255 31
    255 238 93 127 227 207 59 127 243 249 223 125 255 0 59 60 193 240 3
    253 62 55 1 63 87 255 255 248 7 128 11 255 255 254 29 255 253 222
    250 127 205 255 232 136 159 255 62 216 195 224 254 127 128 0 224 0 8
    128 81 143 120 7 252 16 62 63 192 15 4 160 249 0 11 157 0 129 0 255
    195 0 23 244 129 224 127 255 15 76 7 62 223 224 31 242 254 109 197
    240 189 255 26 94 196 128 76 29 16 220 93 0 58 254 225 64 129 224
    127 255 30 124 7 63 223 224 31 195 254 109 53 240 189 239 146 30 228
    128 76 251 208 152 95 0 60 222 227 193 1 136 50 0 0 0 7 64 31 248
    116 124 6 98 67 8 61 255 138 159 59 0 48 158 225 56 255 255 238 148
    237 90 14 7 12 12 0 0 199 254 7 255 4 81 0 235 250 14 73 7 235 155
    26 70 51 70 31 119 248 12 59 144 225 215 113 252 48 11 233 248 6 96
    51 248 49 129 177 227 253 238 29 225 43 143 57 115 255 129 236 133
    229 63 171 225 23 216 6 0 15 224 2 198 7 255 159 7 134 127 254 228
    128 0 34 128 66 127 107 128 108 31 32 123 223 223 184 222 224 39 6
