<?xml version="1.0"?>
<opencv_storage>
<desc type_id="opencv-matrix">
  <rows>150</rows>
  <cols>32</cols>
  <dt>u</dt>
  <data>
    254 15 128 17 224 1 247 245 224 253 233 131 97 153 48 0 64 47 254
    144 252 128 19 135 216 137 16 255 199 34 7 224 30 0 128 68 3 255 6 1
    159 247 224 116 15 239 194 0 114 128 4 15 251 63 140 122 229 102 159
    255 181 16 110 63 1 192 8 63 129 94 95 63 252 0 31 255 173 156 0 247
    197 168 20 191 248 127 77 183 248 250 31 255 226 254 146 65 30 127
    220 192 0 62 87 255 159 199 128 180 136 227 76 31 192 48 13 158 251
    124 237 191 232 134 159 255 173 225 110 120 5 238 255 156 3 207 135
    254 111 241 132 92 31 235 243 127 121 253 171 159 58 95 240 114 239
    126 253 14 51 22 227 239 112 192 246 240 49 120 232 0 32 35 196 239
    240 0 3 16 187 144 0 131 27 71 147 64 31 136 96 255 194 62 111 95 1
    201 255 224 28 248 135 240 207 241 192 3 160 25 35 2 0 16 1 159 27
    71 243 29 31 158 124 255 247 225 234 254 1 128 127 240 3 206 71 248
    247 192 134 109 255 131 1 16 129 254 111 159 123 127 251 225 255 121
    159 14 50 28 224 122 5 239 255 156 3 223 135 254 111 241 132 92 15
    235 115 127 121 253 171 159 58 95 240 114 239 126 253 14 51 22 227
    239 6 0 15 254 7 238 24 128 28 8 4 116 18 96 0 0 29 0 0 15 11 227
    109 136 39 124 167 159 207 255 225 223 30 3 192 224 1 126 31 147 220
    15 224 127 154 18 2 1 114 128 3 175 123 115 13 187 161 154 127 127
    230 210 239 191 6 127 222 64 0 126 71 255 255 127 4 2 248 109 254 7
    68 1 227 127 251 126 77 255 216 150 95 127 186 227 98 240 28 132 0
    96 240 112 7 239 223 48 121 154 254 100 128 2 66 0 82 63 123 122 1
    255 220 138 127 63 186 66 110 5 1 196 127 254 7 255 199 255 231 240
    132 127 255 227 224 118 66 235 171 159 155 255 240 225 239 63 126 14
    52 16 227 0 1 128 127 240 3 207 199 249 247 240 6 109 255 147 96 16
    19 252 45 159 59 127 255 243 255 121 159 14 34 60 225 42 7 127 191
    244 3 223 231 252 227 254 6 69 7 155 251 14 126 60 171 159 251 255
    176 114 255 121 159 14 53 144 227 186 1 216 127 234 60 248 6 104 103
    112 224 16 3 227 231 214 61 255 111 159 123 127 243 112 254 150 125
    255 246 20 106 125 2 16 47 224 1 192 6 2 31 1 248 109 255 98 15 241
    189 255 218 111 27 65 251 179 234 121 255 63 250 68 233 248 30 63
    231 240 113 224 7 224 103 255 249 250 63 208 127 130 114 213 28 147
    27 67 178 115 175 26 96 191 226 63 237 255 1 192 11 121 220 220 126
    3 240 32 63 113 251 148 128 195 95 160 0 47 125 249 237 179 232 189
    95 255 228 254 162 33 126 123 247 190 1 127 120 159 156 7 223 131
    255 4 31 127 179 222 0 110 250 126 13 187 208 218 95 255 224 86 222
    71 1 238 127 190 4 64 7 254 231 248 6 127 255 235 113 207 125 8 43
    159 202 153 251 115 232 190 124 14 57 16 227 231 1 252 31 248 1 248
    71 240 51 248 22 127 169 227 120 194 127 237 62 159 27 112 235 135
    159 248 119 31 234 254 225 241 1 255 127 140 3 207 7 254 55 252 6
    127 255 227 252 255 93 224 255 159 27 11 252 228 233 126 253 14 57
    221 226 44 30 0 128 8 1 254 7 255 223 199 132 127 254 235 244 124 34
    255 253 223 59 95 250 124 111 183 255 30 59 81 231 1 6 0 15 224 31
    252 23 253 221 198 4 131 219 159 192 24 76 11 12 223 27 113 239 191
    172 159 127 63 245 192 99 64 1 255 63 62 7 255 135 255 223 220 7 60
    22 99 127 143 205 5 11 159 26 79 244 92 103 126 255 15 56 81 225 250
    30 31 247 240 113 227 7 224 225 255 249 251 123 216 127 2 115 149 60
    159 11 83 16 117 247 27 112 191 246 63 237 255 1 253 255 240 0 192 7
    248 63 248 132 69 127 227 99 198 60 93 171 159 27 73 245 226 233 121
    245 31 251 16 225 238 14 55 255 240 0 224 131 224 7 255 251 59 103
    194 63 160 115 245 12 159 27 71 179 6 31 26 97 191 196 39 233 255 1
    255 127 190 15 255 135 255 175 242 6 60 5 107 227 127 221 251 154 95
    106 63 244 114 127 119 223 14 56 145 225 75 0 128 47 240 1 204 199
    248 231 192 150 109 255 195 7 241 189 255 109 159 59 127 251 224 254
    121 191 6 50 20 226 126 254 23 192 207 255 252 123 223 222 15 249
    144 255 253 222 31 226 6 220 111 252 247 111 159 132 246 191 255 212
    99 30 27 65 232 0 3 204 124 119 255 223 128 32 198 255 232 0 241 133
    8 252 127 251 124 239 187 220 132 127 127 183 222 22 129 1 249 255
    240 48 112 6 113 221 201 250 107 66 89 0 65 162 0 4 159 59 115 179
    159 159 137 127 63 188 43 233 5 1 236 63 248 31 240 6 96 31 120 23
    31 255 226 225 206 126 248 59 175 3 193 255 224 251 155 127 255 228
    3 225 40 6 127 158 140 1 203 199 248 227 254 4 127 253 131 124 34 68
    32 235 158 59 127 242 97 15 127 252 191 113 16 224 168 249 191 255
    180 50 4 8 0 31 142 62 120 120 34 31 13 254 127 193 103 100 184 205
    177 248 249 23 255 224 65 191 62 7 110 206 0 0 128 7 251 223 249 132
    127 255 227 113 239 115 249 171 158 250 9 245 248 232 167 220 127 59
    144 227 137 1 255 127 254 15 255 135 255 175 242 4 49 5 99 199 23
    205 247 154 30 74 191 244 114 127 119 95 14 56 145 225 94 1 128 127
    188 3 135 6 18 47 128 22 124 141 98 1 128 190 0 15 92 6 130 52 98
    227 125 157 207 249 248 240 31 31 127 184 224 64 127 255 255 241 252
    40 10 99 255 253 255 76 1 251 127 251 127 243 242 222 152 95 60 62
    34 106 193 190 127 252 31 14 7 215 255 207 255 133 184 15 224 2 7
    192 0 0 188 228 158 4 122 96 70 30 255 116 57 66 126 6 2 142 126 7
    255 7 255 223 199 132 255 254 235 18 61 65 159 255 95 59 127 252 124
    111 255 255 14 57 121 227 3 1 253 255 254 6 0 7 248 23 224 4 127 255
    227 103 247 188 2 171 159 10 128 99 129 144 138 125 31 249 80 225 30
    1 134 63 63 15 255 7 127 223 200 7 188 222 107 9 159 205 62 30 95
    122 79 252 124 103 126 255 15 56 221 226 48 30 32 0 0 0 144 7 255
    223 129 232 95 254 227 252 248 34 127 253 223 251 73 241 220 232 187
    255 127 57 22 239 128 1 255 127 248 0 192 7 250 31 248 6 127 255 227
    252 255 77 96 255 159 74 137 241 220 104 63 255 14 57 216 226 36 51
    255 254 156 3 255 100 248 209 248 4 112 30 27 249 222 188 0 123 159
    123 111 4 154 39 127 151 255 243 19 226 33 129 253 127 251 254 254
    198 112 231 248 31 159 113 147 60 224 159 227 237 159 71 255 243 116
    254 138 127 239 231 23 251 220 0 0 14 127 15 254 7 250 63 128 5 247
    255 99 19 125 205 10 107 127 123 223 252 112 237 181 127 31 185 221
    226 2 141 6 24 63 142 7 151 255 207 254 7 168 15 235 0 7 77 0 4 188
    228 158 4 126 96 1 30 254 52 31 66 250 13 63 56 30 1 255 255 255 158
    60 4 240 143 103 248 95 77 127 251 255 250 127 253 131 239 255 255
    255 249 249 230 6 12 134 127 240 0 124 23 255 223 131 254 107 218
    237 131 23 122 0 4 127 123 115 237 159 224 137 127 63 188 227 234
    119 30 63 207 240 0 48 31 239 156 127 134 105 66 28 251 6 98 3 254
    175 123 125 155 159 236 137 95 127 172 26 227 211 193 146 127 148 3
    31 255 253 224 247 214 104 248 29 255 254 126 7 50 158 250 254 75
    137 150 105 151 255 250 97 239 243 1 255 254 63 7 255 135 250 39 223
    132 63 193 99 127 141 188 0 186 223 106 191 12 96 103 119 159 223
    189 145 225 24 1 198 126 254 15 255 135 255 175 192 4 178 15 235 196
    255 205 254 26 94 202 191 12 114 247 118 95 15 62 81 224 57 0 19 255
    240 245 240 35 160 1 247 251 255 112 194 47 32 115 245 4 159 27 127
    147 196 95 152 103 191 202 63 233 255 30 7 207 240 0 48 31 239 156
    127 134 105 74 28 251 6 98 3 254 191 123 125 155 191 232 137 95 127
    172 26 227 215 62 127 255 240 241 96 56 14 224 15 251 171 248 93 191
    61 178 133 252 97 11 16 3 51 159 25 96 255 222 231 108 255 1 150 127
    232 0 192 7 254 63 252 4 127 255 227 127 135 93 215 43 159 27 219
    240 227 237 62 127 14 57 24 227 254 14 127 172 62 0 64 95 243 159
    135 4 255 235 2 15 31 201 94 2 191 26 112 243 179 158 190 127 8 36
    249 225 126 1 217 63 126 7 232 7 126 31 32 6 124 214 231 132 130 141
    7 204 127 10 139 252 220 105 126 255 31 252 93 224 208 1 192 110 56
    0 198 7 127 223 224 134 127 250 235 65 247 141 122 125 191 123 125
    245 189 232 191 95 63 188 222 226 14 254 255 243 115 44 116 88 1 188
