<?xml version="1.0"?>
<opencv_storage>
<desc type_id="opencv-matrix">
  <rows>150</rows>
  <cols>32</cols>
  <dt>u</dt>
  <data>
    30 0 128 0 0 7 199 249 47 243 224 77 95 235 224 0 98 128 251 158 251
    63 176 98 111 105 158 255 57 22 239 31 1 192 11 249 255 252 126 55
    252 0 63 131 239 28 0 209 191 232 0 63 255 250 111 179 220 153 127
    255 225 198 178 1 112 192 247 123 173 248 232 0 32 3 223 10 97 0 3
    16 187 144 0 3 27 79 251 64 31 154 96 255 194 71 239 79 1 128 15 225
    252 252 120 3 176 0 118 121 237 20 0 192 183 128 0 47 127 249 239
    163 220 133 103 255 192 255 58 37 1 143 127 224 16 254 7 120 63 254
    6 103 255 227 120 2 93 192 11 159 123 127 252 96 252 137 223 0 49 28
    226 253 1 144 127 240 1 136 199 248 231 192 6 109 255 131 31 248 189
    255 107 159 59 127 251 241 255 121 189 6 51 92 224 248 1 143 127 192
    0 254 7 96 63 254 6 127 255 227 40 2 93 192 10 31 123 127 254 112
    236 169 223 4 57 156 226 221 1 224 11 57 193 254 94 55 254 0 63 126
    191 132 0 247 159 232 0 47 251 127 239 179 220 184 95 255 182 255
    131 5 1 255 126 255 15 255 199 255 143 220 5 191 215 227 255 159 205
    0 58 222 198 191 108 112 39 119 223 15 57 209 96 56 30 7 197 240 240
    112 7 224 225 255 251 155 112 153 110 0 98 1 28 159 27 91 51 245 223
    26 112 191 244 46 109 255 1 249 62 127 143 255 7 254 31 224 7 191
    207 107 247 247 141 16 126 94 232 159 236 122 97 246 95 255 253 217
    96 174 30 7 247 240 240 240 7 224 225 255 251 186 60 93 123 0 114 5
    60 155 27 83 51 127 223 154 96 255 250 43 108 255 30 6 0 64 0 48 127
    255 240 253 248 71 252 155 112 6 98 3 165 155 59 127 243 167 222 137
    227 24 3 32 239 199 1 224 3 27 192 124 95 255 222 0 63 126 254 29
    192 255 191 202 80 127 251 121 239 191 248 128 127 127 178 222 146 5
    14 6 142 0 1 129 247 252 225 255 132 69 117 27 248 14 66 0 43 153 27
    127 179 96 95 97 176 12 19 16 225 95 1 232 127 255 159 255 6 63 159
    96 7 191 254 237 129 247 157 0 124 63 101 251 204 156 225 255 159 7
    57 221 242 6 1 0 15 224 1 48 7 224 31 248 36 64 254 98 41 192 125
    192 2 159 27 64 79 140 0 137 39 31 218 92 224 221 1 240 35 248 244
    224 0 0 95 0 255 136 112 239 159 253 191 239 218 111 3 0 243 189 152
    184 103 255 254 85 237 193 25 28 115 240 240 124 247 255 159 252 127
    170 112 34 11 128 63 197 3 159 123 127 155 241 222 136 127 127 162
    63 111 255 6 6 206 30 0 240 7 255 223 255 132 63 246 235 2 7 65 159
    255 31 58 75 245 220 104 191 255 12 57 209 227 7 6 6 206 26 0 240 7
    255 223 223 132 127 254 235 242 31 99 159 255 223 58 65 245 156 232
    191 255 12 57 209 227 3 5 255 61 177 216 30 7 254 223 120 59 255 251
    237 233 135 77 64 1 127 252 251 108 189 224 186 95 255 246 223 19
    252 1 150 63 240 149 254 7 120 31 220 7 64 255 227 63 128 93 7 11 31
    123 27 204 241 224 137 95 6 58 92 227 248 112 241 247 248 124 240 24
    31 158 3 249 128 112 236 255 253 189 219 244 111 27 64 235 189 152
    152 127 255 220 97 237 135 4 2 255 240 240 112 135 224 3 255 255 250
    103 192 63 0 122 197 28 159 27 79 179 78 31 154 97 255 198 63 233
    255 1 188 31 240 0 128 7 248 239 248 14 111 211 195 120 198 76 0 47
    159 11 95 243 116 239 121 255 14 53 170 225 144 1 134 127 255 191
    252 24 7 220 0 15 195 219 156 128 3 204 0 0 111 127 115 237 189 224
    253 111 255 229 254 250 24 1 128 47 192 0 16 7 224 31 240 4 111 254
    98 3 0 61 192 2 159 27 64 205 156 96 137 39 31 217 92 227 127 1 252
    31 240 0 130 135 248 239 248 14 111 211 195 120 198 76 0 47 159 11
    127 242 124 239 121 255 14 53 170 225 144 8 128 32 26 1 252 7 35 159
    97 132 242 218 34 119 252 72 127 163 159 59 121 255 191 236 188 127
    63 189 249 103 34 0 128 14 254 7 255 199 255 167 192 132 255 255 227
    28 255 196 0 11 95 11 255 242 98 239 119 254 14 57 153 224 0 1 240
    126 254 15 255 135 255 159 192 4 191 223 99 132 255 141 238 250 94
    202 191 204 115 231 246 95 14 57 217 226 36 5 63 254 30 7 255 135
    248 103 255 132 127 245 99 252 142 68 96 250 223 122 127 244 96 111
    119 157 191 185 16 225 184 7 63 222 31 7 255 135 248 103 252 4 127
    245 99 252 142 69 0 122 222 106 191 252 96 103 119 159 255 249 17
    224 184 6 127 143 228 3 239 231 251 231 252 132 127 253 131 124 231
    69 33 235 158 11 127 176 96 231 127 156 14 51 16 225 168 30 63 255
    240 49 243 255 255 240 127 214 43 125 29 255 166 122 15 254 155 59
    127 179 241 223 153 103 60 16 1 232 179 6 15 255 248 21 248 35 224
    48 255 135 250 168 192 42 0 98 208 60 159 27 120 235 135 223 154 103
    31 202 254 224 255 1 224 14 62 7 239 199 248 231 224 4 126 13 99 96
    240 12 0 58 158 11 127 242 98 239 126 220 191 251 153 224 0 6 62 15
    236 7 207 199 251 231 248 132 127 253 35 248 198 69 32 235 158 139
    255 176 96 239 127 158 14 51 144 224 185 4 198 15 254 7 255 199 255
    231 192 132 127 255 227 5 255 236 3 235 223 27 127 242 96 239 119
    254 14 49 16 225 0 81 249 255 248 252 240 0 4 95 0 245 128 248 108
    255 253 191 203 146 111 27 64 111 189 144 153 111 255 250 81 109 135
    126 6 128 16 240 124 251 223 220 31 249 154 235 253 136 13 66 4 208
    111 123 118 75 191 158 138 111 255 214 227 30 51 112 209 247 224 253
    240 4 31 223 3 224 131 126 226 7 61 160 22 60 255 59 123 179 220 239
    136 127 19 62 26 109 26 5 255 255 240 0 128 6 98 31 124 6 109 255 98
    255 255 125 255 171 175 59 91 241 241 236 57 255 63 249 28 227 248
    65 248 247 248 252 240 8 6 30 0 247 136 0 236 255 253 191 207 218
    111 27 64 243 189 152 184 111 255 254 85 237 197 1 224 0 11 200 124
    87 255 223 0 8 118 254 157 192 125 135 200 245 127 251 124 239 191
    156 132 127 127 183 222 18 5 1 132 63 251 255 252 31 127 223 8 63
    177 207 189 217 255 127 226 1 127 31 123 239 191 238 191 255 7 180
    231 187 69 124 6 0 64 240 120 59 231 156 125 224 137 255 92 120 70
    66 3 180 191 123 123 179 187 252 137 103 60 14 1 7 193 1 249 62 127
    143 255 7 255 31 194 7 191 159 107 135 255 141 16 109 94 232 159 236
    114 225 246 95 223 189 209 96 14 1 128 95 128 0 50 135 248 103 193
    134 111 255 227 0 16 129 255 107 159 123 127 178 98 255 9 125 14 51
    24 226 120 1 255 255 224 0 0 0 2 31 30 6 111 255 98 127 236 189 255
    154 239 27 64 147 155 232 137 111 63 220 156 225 248 1 196 63 127
    159 254 6 15 159 0 7 188 254 237 128 95 221 0 82 111 121 223 252 124
    237 190 255 127 186 93 194 1 30 6 231 224 1 248 7 240 239 255 244
    107 255 227 63 0 114 31 191 159 59 127 251 116 254 137 127 63 188 34
    239 254 1 248 16 96 0 240 6 56 31 224 120 111 255 227 96 246 132 33
    11 159 59 73 243 224 254 137 255 63 176 38 237 192 5 239 223 240 6
    128 6 112 31 226 6 111 252 99 112 127 193 240 123 143 11 192 107 137
    2 184 255 31 249 216 224 14 1 240 62 63 7 255 7 254 31 224 5 191 223
    107 255 255 141 80 126 95 106 159 76 122 103 118 31 223 189 209 224
    142 14 7 142 0 0 128 247 254 225 255 132 71 47 155 96 7 98 1 47 155
    27 127 179 227 223 41 176 28 3 22 225 207 1 232 0 96 1 250 6 120 103
    224 120 111 215 227 64 210 132 96 47 159 59 127 242 124 111 41 191
    63 177 46 238 0 15 255 255 240 1 247 231 249 227 255 14 111 245 211
    124 39 66 1 188 158 123 127 178 112 239 41 223 63 49 168 233 140 62
    127 246 0 0 1 231 255 231 255 196 47 233 235 234 31 226 6 30 112 251
    4 2 39 18 137 24 255 126 161 108 58 12 166 60 0 0 20 7 254 31 243 4
    103 254 235 255 255 77 10 63 158 250 0 12 29 16 133 31 127 57 208
    195 70 1 183 31 255 255 255 7 127 223 14 59 128 19 226 252 61 204
    103 227 254 229 191 204 124 225 201 159 0 60 167 243 208 3 255 254
    62 7 255 6 255 223 224 133 244 62 235 205 255 188 96 14 127 59 127
    252 220 239 126 255 31 187 57 224 124 30 23 196 240 32 251 231 253
    225 255 233 233 126 27 255 32 99 129 11 159 187 127 179 250 255 9
    126 63 58 63 111 255 1 239 126 12 3 255 199 255 175 252 4 127 215
    235 225 31 217 24 43 158 187 31 240 112 239 127 254 63 57 192 224 99
    126 0 192 128 0 16 7 159 159 15 224 79 250 228 126 124 114 191 245
