<?xml version="1.0"?>
<opencv_storage>
<desc type_id="opencv-matrix">
  <rows>150</rows>
  <cols>32</cols>
  <dt>u</dt>
  <data>
    0 192 103 224 0 112 70 1 159 3 214 107 120 34 7 177 190 60 11 111 59
    125 147 179 222 136 127 63 234 58 238 59 18 27 223 240 1 224 6 16
    103 207 232 79 127 107 14 0 131 244 3 31 27 75 178 64 111 57 253 191
    249 22 233 252 0 192 0 96 240 116 6 31 223 0 55 202 62 108 129 88
    187 248 2 127 123 124 139 191 156 136 95 127 190 30 102 15 18 192 0
    112 64 126 7 255 223 0 105 170 62 228 0 81 130 0 92 127 123 115 13
    159 224 136 127 63 182 161 102 5 6 95 239 248 4 240 6 1 31 55 159
    123 98 100 3 3 242 208 0 47 27 127 179 156 31 24 127 191 254 63 225
    255 30 67 128 96 197 252 6 159 223 135 232 131 255 235 130 31 130 2
    0 111 59 123 239 187 220 154 127 63 255 227 103 11 1 255 255 144 1
    156 14 63 159 131 222 109 232 107 95 255 186 2 107 239 59 115 239
    191 156 233 191 255 252 226 238 31 1 201 126 254 7 238 6 16 31 130 4
    124 210 99 0 0 141 3 138 95 10 131 108 156 33 119 191 159 253 208
    225 87 65 255 255 128 1 156 30 127 223 131 254 109 232 35 31 255 190
    2 251 239 123 119 239 191 156 233 191 255 252 226 238 31 1 255 63
    127 255 252 7 104 31 248 15 255 148 99 252 254 77 109 255 223 5 195
    237 140 97 188 120 239 232 253 82 160 30 7 193 192 241 188 7 128 31
    255 248 64 20 96 42 0 98 0 2 143 59 67 207 252 239 129 191 255 249
    226 109 251 1 31 255 240 17 224 31 225 156 255 250 14 0 2 63 0 115
    213 3 159 27 115 49 157 151 122 127 191 231 22 233 255 30 23 231 224
    0 250 199 251 223 127 250 79 10 2 111 0 115 215 3 159 123 127 179
    191 239 152 127 63 190 22 239 255 5 206 127 254 7 96 7 255 223 240 6
    126 46 123 96 199 68 33 0 159 11 208 11 191 146 152 127 31 254 25
    225 248 1 201 126 254 7 238 6 16 31 130 4 124 210 99 0 0 141 3 138
    95 10 131 108 156 33 119 191 223 253 208 225 95 2 0 0 112 1 254 6 1
    223 3 232 104 255 226 0 0 130 0 3 47 59 18 12 191 209 136 31 63 182
    99 224 62 5 63 254 254 7 248 7 240 31 255 4 63 212 34 127 252 77 103
    225 159 10 203 252 200 239 118 241 159 233 209 225 216 6 0 6 126 7
    255 199 251 159 249 132 127 255 35 0 0 98 128 74 31 251 255 253 243
    239 188 95 14 62 81 226 43 65 232 127 240 125 254 6 19 31 128 255 71
    254 96 1 241 182 136 0 111 59 9 252 124 107 137 95 7 57 170 248 161
    193 252 127 255 191 254 6 120 31 240 7 179 194 99 65 215 157 96 11
    159 244 131 236 156 96 134 95 3 61 217 82 8 129 224 62 127 223 254 7
    120 31 224 7 179 220 99 117 254 157 248 43 159 244 131 236 156 32
    247 95 7 56 221 19 128 1 134 127 190 7 224 7 248 127 242 6 124 191
    235 96 6 94 0 61 159 3 0 100 127 161 120 245 255 246 218 225 7 14 7
    31 240 1 224 23 224 28 255 30 111 255 34 42 0 123 252 3 159 27 105
    243 136 255 185 231 63 203 20 225 254 1 192 127 224 1 232 5 122 31
    224 6 111 20 99 0 23 157 0 11 159 27 99 241 140 111 121 183 63 217
    144 224 7 62 127 255 240 32 96 120 7 248 7 198 122 121 28 191 191
    178 215 144 103 59 120 19 179 223 136 111 255 194 40 237 223 14 6 15
    96 0 112 31 225 156 255 30 107 252 16 46 2 72 64 1 159 59 114 51 157
    222 137 127 63 234 62 227 254 30 63 223 240 112 124 7 241 255 255
    250 75 122 34 126 0 115 209 1 159 123 125 223 255 252 137 95 63 180
    46 235 255 2 240 0 68 3 239 134 48 47 224 104 68 127 163 125 254 141
    255 235 158 43 31 20 114 99 121 156 191 55 40 225 160 5 254 127 134
    0 31 199 255 175 240 4 64 3 235 253 255 125 224 62 152 250 8 140 102
    96 194 152 255 253 148 226 4 13 255 255 134 0 7 247 254 227 248 4
    112 56 255 255 255 125 128 62 152 250 6 2 31 4 68 16 254 218 84 226
    5 1 255 126 1 152 127 199 255 231 224 4 3 209 235 247 255 157 127
    254 220 251 6 4 117 33 135 92 255 253 64 82 34 1 255 126 2 0 119 199
    255 231 224 4 3 209 235 247 255 157 127 255 216 251 2 4 101 33 135
    92 255 125 96 96 64 14 6 0 0 0 48 23 231 222 60 0 1 248 252 248 8 66
    127 245 159 251 32 15 157 0 137 79 0 58 66 99 226 62 63 198 128 0 7
    187 254 15 159 224 96 7 227 255 63 114 0 43 224 250 12 20 120 97 101
    159 253 209 16 233 254 14 7 15 96 0 112 31 225 156 127 14 107 252 16
    110 2 72 1 1 159 59 112 51 157 158 137 127 63 234 62 225 254 5 238
    63 224 1 200 7 252 31 240 4 126 10 235 224 199 92 1 43 159 27 98 35
    159 23 120 127 31 246 218 225 204 12 134 95 224 0 5 7 255 223 195
    142 107 255 227 0 7 194 0 14 126 251 0 12 255 208 201 30 255 244 98
    226 59 1 223 255 56 0 64 55 254 215 254 7 127 175 40 15 131 252 4
    128 31 27 112 11 155 222 88 127 31 214 153 227 62 6 32 46 123 135
    254 7 255 159 6 7 255 254 98 127 125 141 127 171 255 25 219 244 253
    233 189 127 14 60 253 227 66 5 255 127 50 0 48 7 249 31 252 6 111
    254 67 255 255 93 0 47 159 27 97 251 143 34 137 255 255 233 152 224
    17 31 127 129 240 0 1 247 255 227 252 122 111 15 219 240 127 68 3 63
    144 139 0 179 35 27 121 152 255 215 162 237 69 255 127 252 139 12
    124 59 239 24 124 0 130 248 253 255 142 76 21 255 177 250 64 239 157
    216 132 96 255 217 97 127 254 14 14 0 0 0 28 23 231 220 124 0 1 224
    220 248 0 64 63 245 159 123 112 15 189 144 137 15 0 4 66 227 210 1
    223 127 248 144 192 23 119 63 220 23 127 171 224 15 131 157 7 208 63
    11 240 243 179 223 56 127 15 246 255 225 250 1 255 63 225 217 255 7
    127 159 224 59 2 86 235 197 255 141 115 255 127 123 63 252 92 109
    156 95 127 184 32 19 12 3 255 255 240 1 226 6 127 159 1 134 111 255
    236 0 7 130 0 64 127 59 66 48 30 7 41 191 191 254 210 224 7 126 3
    192 48 32 116 24 143 220 15 197 138 138 252 223 61 98 143 254 111
    251 112 77 191 128 136 79 56 28 235 238 7 1 255 255 248 0 80 95 127
    159 252 7 127 170 235 56 7 220 0 4 47 59 126 3 191 222 152 127 15 62
    153 226 248 1 223 255 56 0 112 7 104 81 252 6 127 138 251 239 142 60
    16 14 95 27 112 3 159 222 152 103 31 246 217 224 63 16 176 64 8 0
    216 6 1 31 225 132 127 254 99 253 252 39 255 10 143 123 121 255 157
    248 190 255 63 173 217 231 224 0 176 0 128 0 16 6 1 31 1 224 127 254
    98 125 248 55 255 235 143 123 89 253 253 248 166 255 127 185 209 239
    240 249 255 251 129 248 0 152 79 30 24 119 128 244 108 253 239 189 1
    193 96 244 0 14 28 16 129 30 224 58 214 28 129 1 190 63 255 159 232
    7 96 97 248 7 96 0 219 252 254 93 99 173 147 5 195 243 7 7 120 224
    207 204 232 241 192 7 31 63 254 15 248 8 64 16 126 6 127 248 0 63
    128 13 127 144 15 10 255 243 133 159 117 231 31 226 29 227 246 5 255
    126 31 4 63 247 255 223 254 6 120 64 187 255 255 93 255 171 159 248
    255 13 191 212 132 31 255 180 92 195 160 24 0 230 0 0 60 6 1 158 63
    196 64 250 128 3 0 51 143 251 159 123 112 237 157 160 137 127 63 164
    80 239 23 255 255 250 3 224 1 55 255 217 252 5 128 0 219 255 255 221
    119 255 144 196 128 12 159 0 128 16 0 4 81 29 184 1 252 127 255 159
    232 7 96 65 248 31 0 0 219 248 254 93 96 47 147 5 194 3 15 7 120 160
    255 196 224 241 140 254 15 131 7 220 7 231 247 163 252 22 64 15 224
    11 3 122 127 253 48 228 158 2 98 23 1 24 255 122 128 19 30 126 6 0 0
    0 0 27 254 30 120 0 0 63 39 224 15 64 0 99 161 248 0 15 194 88 129 1
    252 194 0 22 42 254 3 211 55 36 1 249 251 224 231 23 0 112 211 2 0
    115 255 254 16 132 224 11 141 18 128 0 255 206 64 140 194 0 0 47 224
    0 48 7 249 255 206 6 105 255 235 31 232 125 255 220 95 251 121 179
    191 220 137 127 14 62 28 226 254 1 255 127 255 31 12 7 120 7 248 7
    120 15 227 255 255 221 127 255 223 4 130 14 70 6 88 49 255 218 216
    243 70 30 34 196 0 1 62 6 129 30 119 196 64 2 32 127 248 98 253 3
    143 123 126 12 254 216 128 31 63 174 144 231 227 1 255 127 192 16
    112 7 254 247 230 6 95 240 107 228 63 205 0 26 222 251 1 255 253 232
    134 124 255 248 16 226 12 12 38 0 228 3 159 151 255 223 255 232 102
    22 255 251 127 72 15 252 120 250 159 76 124 96 232 158 254 61 234
    226 6 126 96 192 67 253 190 71 251 31 195 224 1 204 67 7 119 192 63
    141 159 251 127 237 135 224 167 159 255 233 192 31 66 1 255 127 127
