<?xml version="1.0"?>
<opencv_storage>
<desc type_id="opencv-matrix">
  <rows>150</rows>
  <cols>32</cols>
  <dt>u</dt>
  <data>
    254 2 192 0 240 7 198 129 143 195 224 0 45 32 0 3 114 129 227 12 252
    156 2 114 16 0 30 255 250 2 31 143 254 2 192 0 240 7 198 129 175 195
    224 0 45 32 2 3 114 129 195 12 252 156 2 114 16 1 30 255 250 2 31
    159 1 134 255 224 53 240 7 224 7 253 248 11 111 224 123 130 114 21 5
    155 27 67 179 66 31 26 112 191 232 35 233 250 30 3 132 62 0 195 3
    140 79 15 135 255 246 239 254 60 65 191 254 92 0 6 48 92 35 127 197
    255 220 220 193 17 31 127 160 176 0 86 127 255 222 60 248 127 250 29
    255 255 125 0 131 255 251 120 205 187 248 152 95 24 54 45 239 159 31
    63 255 224 48 120 70 81 159 141 228 107 96 35 27 15 250 5 67 111 123
    127 147 252 222 136 127 63 160 18 238 246 1 128 1 224 244 48 7 32 19
    224 122 71 248 0 1 192 93 104 4 159 27 96 11 141 6 136 103 255 203
    108 107 224 0 128 15 240 23 120 8 0 24 225 158 2 232 147 0 16 50 32
    107 143 11 226 11 135 23 72 35 255 199 66 224 0 0 0 15 224 31 48 0 0
    17 227 250 70 253 147 0 16 2 96 43 143 11 224 11 135 30 136 33 255
    195 66 224 0 28 2 0 104 228 254 31 129 156 30 104 128 218 224 0 0 77
    64 0 15 251 121 237 157 232 191 95 255 173 68 38 244 255 255 240 0
    160 0 121 253 240 252 128 197 1 155 248 15 64 0 127 128 132 128 251
    133 232 129 160 252 197 26 28 150 14 0 0 112 1 248 31 243 28 246 0
    190 128 32 32 0 77 4 0 159 59 115 239 159 142 186 103 63 205 209 99
    240 62 7 192 192 240 124 6 128 255 247 224 154 127 235 240 62 65 192
    14 79 123 27 236 251 248 158 127 127 190 95 110 69 126 111 128 192
    240 124 6 128 255 247 232 154 127 227 224 30 65 192 14 79 123 25 236
    251 248 150 127 127 190 95 46 69 1 248 127 190 7 254 6 96 31 112 132
    63 134 224 49 226 54 249 33 159 59 127 112 126 103 125 255 3 59 211
    237 225 14 6 8 112 0 248 120 3 24 30 8 143 224 0 24 1 64 5 243 111
    59 124 107 131 222 154 111 127 199 227 226 184 1 132 31 240 208 48 7
    120 63 248 63 103 255 227 32 194 93 244 11 159 123 25 253 243 248
    137 93 6 51 190 225 248 254 0 0 23 0 31 199 255 231 241 192 65 111
    235 128 0 2 0 14 30 248 191 4 98 20 1 158 255 59 58 134 14 7 127 255
    224 1 192 7 224 17 255 6 111 12 2 127 226 125 253 129 159 27 127 243
    131 255 120 167 31 227 156 233 254 50 33 128 7 129 190 0 0 24 247 8
    128 20 239 246 56 0 11 254 207 123 127 220 204 236 197 167 255 251
    34 2 6 30 0 0 0 0 0 31 251 156 193 200 95 254 131 1 241 162 224 75
    95 59 64 255 157 248 186 255 255 225 226 226 0 254 123 244 130 44 48
    120 172 208 247 224 103 250 253 255 254 160 65 253 208 250 0 15 157
    0 129 32 251 223 208 110 158 193 248 127 158 43 64 4 51 31 192 245
    240 250 96 1 227 189 168 2 47 4 224 13 139 0 92 127 247 254 127 156
    225 1 255 255 248 5 224 0 104 7 124 6 127 64 99 255 206 93 31 251
    103 11 71 179 4 31 24 97 159 216 60 224 243 31 63 255 224 1 240 7
    224 31 255 150 105 227 0 63 160 61 253 1 159 59 123 179 187 255 137
    127 63 164 28 233 254 124 134 212 132 33 63 199 255 239 199 192 97
    128 61 128 23 194 8 67 95 251 86 12 63 148 193 60 255 244 194 30 3
    122 249 241 240 97 227 220 63 223 131 248 127 223 130 23 255 191 222
    227 254 187 31 240 127 235 120 222 0 52 157 173 39 254 0 0 22 0 31
    231 255 227 249 224 65 97 235 128 0 2 0 14 92 252 188 10 99 156 129
    28 255 125 40 134 6 14 63 206 24 0 216 7 255 31 253 132 63 252 235
    255 255 69 255 255 223 58 107 245 220 232 191 127 12 57 145 227 192
    255 127 240 0 0 0 121 255 208 127 196 79 186 61 251 30 32 0 1 208
    250 0 143 159 128 137 160 255 215 154 31 7 141 255 255 148 0 15 215
    255 223 252 6 127 127 253 248 239 94 1 254 124 252 191 20 253 224 72
    159 254 60 26 243 133 7 255 254 62 5 254 7 255 223 240 4 191 254 235
    253 255 205 120 255 223 59 75 244 92 111 190 255 12 57 209 226 168
    242 249 247 224 124 48 224 36 224 227 228 1 192 221 255 240 178 255
    252 144 199 192 15 159 16 129 32 255 221 192 127 199 241 253 121 128
    248 0 8 56 15 192 122 127 192 35 253 255 157 255 163 231 4 0 179 4
    42 35 221 243 233 158 29 192 7 255 46 126 7 254 7 255 223 240 5 191
    254 235 253 255 205 120 255 223 75 239 252 92 111 254 223 14 56 249
    98 168 3 251 255 240 49 252 14 63 223 135 6 96 218 239 223 191 188
    62 255 111 59 113 253 157 224 185 127 63 188 98 234 48 17 248 96 62
    1 248 4 32 29 240 228 191 158 211 97 240 191 224 61 159 27 67 240
    158 103 62 103 63 228 209 236 173 1 255 127 240 23 224 0 104 15 248
    31 111 7 227 253 239 253 224 254 99 3 3 176 14 39 121 225 143 220 62
    224 181 255 127 255 130 56 16 56 70 24 63 224 107 124 28 254 47 66 1
    243 225 116 184 155 253 216 129 3 253 202 33 158 131 1 135 63 190 7
    129 11 64 220 126 6 100 158 16 15 0 127 244 0 3 6 130 36 155 3 121
    160 143 231 220 224 255 29 239 208 192 0 0 23 255 221 240 96 79 250
    147 96 31 66 0 43 159 59 96 251 157 232 187 255 16 37 128 239 7 51
    255 255 240 16 240 30 127 223 143 6 79 202 239 159 191 190 15 255
    111 123 112 107 191 148 152 127 63 188 192 234 212 6 3 255 240 3 128
    128 132 15 31 135 125 64 236 3 0 115 192 4 15 11 199 179 12 15 121
    161 159 220 62 224 63 125 198 240 193 253 252 7 252 103 225 224 0 15
    235 131 3 120 0 28 95 123 79 254 126 108 128 253 127 246 64 62 30 62
    63 252 192 176 55 251 255 34 63 192 130 15 230 255 15 72 7 237 96
    251 44 10 66 24 128 12 252 199 144 111 250 1 255 127 128 0 20 7 255
    159 248 6 79 242 227 253 255 221 121 255 223 251 32 207 157 128 131
    159 127 61 144 211 136 62 31 129 17 192 56 251 255 144 62 63 99 124
    4 248 15 122 213 192 99 251 127 139 129 158 137 111 255 194 33 135
    190 1 255 126 128 0 128 7 255 159 248 4 95 254 227 253 255 205 0 175
    159 123 97 245 156 232 187 255 127 185 208 227 4 14 55 143 240 1 252
    31 207 222 31 254 104 42 44 191 167 119 228 0 111 59 112 79 191 152
    136 127 63 182 102 226 245 6 2 14 127 15 254 31 255 156 135 133 191
    132 35 223 125 193 254 195 127 75 255 253 222 237 154 127 14 0 185
    99 6 6 2 14 127 7 254 63 255 156 135 133 191 132 35 158 61 193 254
    193 127 75 255 253 222 239 159 127 14 0 185 99 6 0 128 15 123 7 252
    30 7 220 0 7 191 210 156 0 16 156 0 84 111 123 113 253 157 224 190
    255 31 165 209 226 6 31 63 255 240 1 251 247 255 224 255 222 109 64
    29 254 134 98 1 188 155 59 127 179 64 111 57 250 30 16 35 233 213 7
    127 255 240 1 207 231 249 227 255 150 111 193 219 127 166 124 7 189
    159 59 127 243 112 239 121 190 30 49 154 233 247 1 128 11 121 209
    252 30 1 252 0 63 255 255 20 0 64 151 232 0 15 123 120 239 179 220
    152 127 127 226 255 130 65 142 230 0 0 0 7 151 255 207 240 56 110 54
    255 224 127 66 3 255 88 252 142 4 124 113 72 156 254 58 35 146 1 19
    255 255 240 48 126 7 255 223 227 214 106 126 235 255 255 178 224 15
    255 123 125 205 253 248 152 95 63 190 58 239 29 3 249 255 248 3 254
    23 255 31 193 134 97 239 235 191 253 189 255 130 95 59 91 244 114
    255 125 255 255 252 209 225 238 3 251 255 192 1 248 7 255 31 227 134
    127 254 107 199 247 191 255 109 159 59 111 179 156 15 137 127 255
    251 159 226 116 31 15 221 240 1 255 231 249 227 255 8 15 1 219 96 6
    67 248 45 159 59 127 242 112 239 41 254 63 49 4 233 46 16 128 0 96
    224 112 199 251 247 128 104 155 96 19 0 17 130 0 3 95 251 125 251
    247 254 154 95 63 48 35 102 15 19 123 255 240 7 128 4 24 255 143 6
    110 63 227 31 185 157 15 126 111 11 153 180 119 251 120 159 0 58 161
    232 245 1 192 15 248 252 252 126 1 176 0 255 254 253 20 1 80 187 200
    0 15 123 124 239 163 220 154 127 127 226 255 251 71 15 15 28 192 1
    255 231 255 227 252 32 68 1 147 96 6 67 252 45 158 251 127 242 112
    255 121 190 63 51 16 99 46 5 238 223 251 15 124 25 251 28 249 200
    122 139 19 32 199 226 0 0 175 123 114 79 155 148 134 103 127 196 226
    234 233 30 38 128 0 0 0 6 128 31 255 192 79 248 227 250 124 66 0 239
    143 59 64 253 157 160 123 191 63 45 192 231 7 126 63 252 128 176 243
