<?xml version="1.0"?>
<opencv_storage>
<desc type_id="opencv-matrix">
  <rows>150</rows>
  <cols>32</cols>
  <dt>u</dt>
  <data>
    1 128 59 61 211 220 7 0 28 120 23 255 251 0 60 192 62 245 3 159 29
    115 253 179 224 254 103 0 37 222 147 248 0 3 30 70 7 190 7 240 47
    246 4 119 241 227 0 0 9 0 43 159 123 30 2 97 23 133 159 14 61 209
    226 31 1 131 62 76 3 223 7 240 47 246 4 65 243 99 2 0 13 0 43 159
    123 63 0 97 151 117 31 6 61 80 226 159 27 255 240 124 2 15 199 255
    255 200 132 112 249 227 1 199 141 127 165 188 250 188 109 247 216
    252 94 0 58 87 239 192 1 131 62 76 3 222 7 240 47 246 4 65 227 99 2
    0 13 0 43 159 123 63 4 97 151 125 31 6 45 80 226 159 62 127 192 248
    7 96 56 8 24 241 224 130 32 27 253 255 226 252 127 195 11 224 17 136
    219 24 99 0 10 23 236 168 63 253 192 6 7 31 247 255 247 224 196 126
    253 227 5 231 166 231 197 60 250 188 77 247 248 194 30 0 59 89 231
    144 255 255 176 132 99 254 24 111 156 120 120 120 14 31 255 254 125
    96 123 239 123 127 76 159 225 116 135 0 4 230 174 172 30 3 196 96 1
    250 6 128 31 15 192 140 222 226 3 0 128 0 4 47 59 67 100 12 7 120
    191 191 248 65 101 250 6 3 14 70 7 190 135 248 47 246 4 125 193 235
    0 0 73 0 26 31 123 31 2 96 7 133 157 12 56 217 226 31 1 128 24 192
    64 126 14 1 159 128 56 66 154 236 0 1 146 0 64 47 123 115 109 159
    160 138 127 127 191 194 98 159 30 3 196 224 1 254 30 131 28 7 200 45
    128 100 15 0 0 0 2 127 59 127 241 140 39 41 191 63 169 161 109 122
    236 6 0 0 0 31 103 236 224 124 104 104 11 221 248 12 66 59 252 156
    252 51 140 159 160 73 129 255 220 34 150 130 1 128 25 224 80 252 30
    5 156 0 56 3 130 28 0 1 154 0 0 47 123 113 237 159 160 136 127 63
    173 194 226 191 254 124 192 64 32 16 232 224 224 241 196 67 32 18
    125 254 162 249 62 131 248 252 3 163 156 128 33 0 15 150 111 233 1
    192 11 30 3 159 71 255 223 192 30 68 4 96 0 211 246 0 0 63 250 127
    236 254 232 225 159 255 251 194 146 1 28 0 0 96 224 120 23 205 156
    217 255 139 122 29 128 0 114 128 250 95 59 123 223 189 252 136 127
    63 174 31 110 7 19 249 255 244 55 207 196 25 193 143 22 69 0 19 31
    249 188 7 77 78 3 255 176 30 39 121 190 0 43 158 236 243 30 0 192 96
    0 248 31 159 158 9 254 105 224 44 131 1 115 208 66 127 59 123 243
    157 255 137 127 63 248 151 238 47 1 251 120 224 39 239 199 127 255
    246 32 67 240 99 124 252 13 127 187 158 235 56 76 241 249 201 30 0
    59 232 237 192 126 63 128 0 240 3 187 204 200 63 232 174 34 253 248
    108 67 255 255 68 251 60 16 92 80 8 67 255 222 161 16 136 1 233 127
    192 144 222 7 112 31 226 4 79 15 227 35 98 157 16 3 159 123 27 180
    114 233 56 255 7 57 152 115 206 129 255 127 12 146 7 199 127 135 240
    22 117 221 235 161 231 157 191 235 28 196 128 12 68 32 117 156 0 57
    222 209 139 1 130 62 108 7 255 7 240 47 246 4 1 225 99 98 0 77 0 59
    159 123 63 12 97 215 127 31 14 45 80 226 159 6 115 254 192 7 56 4
    178 31 231 132 99 254 34 7 55 136 0 3 175 27 194 13 136 112 197 63
    31 234 208 226 78 251 255 240 0 96 0 248 97 224 248 250 71 224 29
    125 230 190 111 251 135 248 244 11 159 156 129 35 0 13 214 175 196
    63 255 228 112 38 112 49 254 7 225 192 159 143 235 173 247 166 227
    203 49 11 194 48 142 33 11 97 0 28 154 109 152 255 255 240 126 103
    126 56 253 24 240 120 7 248 27 253 255 252 96 30 197 123 250 13 155
    225 201 3 0 9 226 175 84 1 192 13 62 3 200 0 32 24 240 15 96 95 18
    96 96 2 1 161 159 26 113 255 163 234 125 231 31 140 106 225 128 193
    255 255 202 60 254 28 127 159 7 6 113 94 45 255 255 190 15 131 111
    127 251 253 153 228 133 127 1 56 30 255 51 17 195 254 192 1 200 16
    30 29 135 32 79 248 35 2 1 152 20 3 95 59 99 251 157 142 123 183 0 9
    144 239 59 12 132 0 11 192 93 247 255 239 240 121 144 207 255 225
    215 77 126 126 24 248 28 238 126 120 151 92 254 92 197 2 8 6 83 254
    192 0 56 4 176 31 231 132 97 254 34 7 51 136 0 3 175 27 64 77 136
    120 133 63 31 234 208 227 91 0 176 11 123 132 247 135 252 239 192 31
    255 191 107 188 253 221 0 123 94 251 13 252 122 32 186 92 6 58 255
    226 145 6 3 12 63 7 254 7 225 220 118 4 249 248 16 0 2 65 20 1 159
    104 242 77 189 224 247 31 15 36 233 227 254 1 224 8 3 192 126 6 31
    159 0 41 128 254 239 192 255 132 42 156 111 123 31 76 124 84 129 95
    127 186 64 19 0 4 6 24 120 3 255 135 248 47 254 7 250 0 227 96 2 69
    61 239 158 251 15 76 100 97 120 92 12 40 253 226 168 1 224 0 0 192
    126 6 13 159 0 40 128 62 237 192 124 132 42 254 111 123 127 253 220
    108 136 127 127 186 98 2 0 5 63 63 224 29 255 135 251 31 222 4 103
    128 35 252 172 76 3 227 222 251 27 252 96 233 136 94 0 49 232 242
    208 1 224 0 0 0 25 199 255 223 0 36 127 246 236 0 255 158 10 0 190
    251 107 17 220 220 73 62 127 62 161 131 64 62 0 196 6 1 190 30 135
    222 31 192 113 248 92 30 8 98 255 212 111 250 127 237 191 228 229
    175 255 251 208 195 122 13 31 126 64 1 254 71 237 254 126 4 103 63
    253 248 0 77 65 254 95 59 127 243 247 239 56 95 28 63 24 224 188 225
    240 34 127 255 255 134 29 9 192 23 214 253 251 247 252 191 255 254
    222 244 131 76 116 36 246 112 0 59 92 23 47 253 254 224 192 32 1 248
    109 216 121 232 1 8 31 255 255 109 116 251 224 130 144 0 63 129 89 2
    0 7 1 236 190 255 255 240 118 103 62 57 252 24 240 120 15 248 27 237
    199 221 103 142 81 122 242 13 153 224 203 3 0 11 224 175 84 30 0 132
    30 3 31 31 135 222 31 128 125 216 124 158 8 65 255 212 111 248 255
    204 189 224 97 159 255 249 216 195 250 3 255 255 190 15 225 168 64
    32 63 4 52 1 144 127 174 156 1 253 163 3 75 48 102 95 126 160 0 197
    145 233 187 9 132 246 192 33 254 7 126 223 29 192 127 31 236 249 205
    98 127 128 127 123 127 244 122 239 191 223 0 59 158 111 112 1 204 63
    224 7 255 199 252 199 248 6 96 62 107 0 194 126 0 251 30 11 98 13
    152 23 120 60 15 58 210 224 161 141 255 255 127 190 63 247 254 227
    254 7 128 97 155 232 15 77 0 15 144 196 188 10 35 22 129 24 0 22 88
    82 62 133 255 255 255 15 239 200 65 198 62 6 89 254 36 248 15 94 255
    179 166 4 226 12 138 19 119 12 0 48 80 233 232 225 191 255 135 254 0
    8 0 24 30 7 254 250 92 127 232 157 1 181 129 132 128 15 159 16 132
    32 231 206 249 19 180 30 31 174 64 0 99 7 225 159 255 132 64 0 98 63
    2 105 85 3 158 59 4 48 126 19 137 95 191 250 144 97 254 1 255 255
    198 7 224 70 123 159 156 6 64 80 34 127 255 188 91 227 191 3 96 235
    141 7 133 190 0 45 80 225 134 1 128 63 176 1 225 7 112 105 242 6 101
    15 219 64 0 29 0 47 154 3 3 48 115 35 41 240 143 245 30 240 63 62 3
    140 0 0 16 7 154 63 143 128 31 255 227 142 29 64 95 235 127 251 25
    251 240 248 131 95 0 55 33 82 126 30 31 238 128 0 34 7 241 159 255
    132 0 0 98 63 2 105 21 3 158 59 48 48 189 211 9 223 255 237 208 97
    254 129 144 255 134 7 188 4 0 30 7 196 113 220 96 15 160 178 255 255
    15 10 239 251 28 47 101 167 0 41 19 237 154 29 255 16 0 0 63 135 254
    239 240 32 0 126 235 96 199 68 0 45 158 251 60 12 126 216 129 31 255
    251 0 102 141 30 63 255 224 48 112 31 233 156 127 196 43 234 195 250
    47 114 1 255 239 59 112 115 159 156 136 127 63 172 225 234 131 5 255
    255 134 0 156 87 255 223 252 6 125 255 217 120 198 92 1 165 159 250
    121 255 255 236 227 191 12 51 88 227 241 1 153 63 240 31 254 6 64 39
    220 52 67 255 163 15 128 29 127 235 159 123 127 12 0 7 136 119 7 48
    104 234 240 1 132 27 249 220 244 7 88 223 216 63 255 223 227 0 73 93
    0 76 95 117 5 254 31 32 186 95 6 60 255 146 5 4 134 15 120 2 194 183
    254 231 240 6 127 240 239 224 127 126 2 141 92 74 188 115 125 159
    122 223 14 29 234 225 0 5 6 14 240 0 207 215 255 253 248 4 127 35 25
    96 66 66 128 33 159 251 255 240 250 255 122 223 30 38 0 227 165 1
    128 24 96 241 252 14 1 220 8 31 139 226 29 128 24 92 0 127 79 123
    112 79 157 152 152 127 63 164 238 102 40 1 130 90 0 0 16 31 255 156
    62 36 79 254 108 128 0 82 159 18 31 123 96 251 157 160 137 191 0 29
    214 238 227 1 128 255 134 7 174 4 0 28 3 196 113 220 98 15 176 50
    255 255 79 10 239 255 78 47 101 167 0 41 19 237 218 5 255 255 134 0
