<?xml version="1.0"?>
<opencv_storage>
<desc type_id="opencv-matrix">
  <rows>150</rows>
  <cols>32</cols>
  <dt>u</dt>
  <data>
    1 128 63 63 128 88 7 1 220 60 31 127 242 16 8 128 93 116 1 31 24 243
    149 189 224 30 127 4 37 158 195 248 4 3 30 4 1 174 7 224 31 254 4
    111 241 99 0 0 73 0 59 159 123 30 4 97 151 97 159 12 61 209 224 31 1
    128 63 62 0 64 7 0 30 28 31 127 242 0 13 128 93 116 1 31 12 193 181
    157 224 122 103 7 165 174 227 252 63 255 224 60 2 31 247 255 255 224
    132 120 253 227 1 199 164 127 165 188 250 188 77 247 216 252 95 0 58
    83 231 208 6 195 222 62 6 24 6 160 31 231 4 96 126 98 6 18 128 0 3
    159 10 192 141 139 160 129 63 31 168 16 227 91 6 195 254 190 6 24 6
    160 31 231 4 96 94 34 7 18 136 0 3 159 26 192 13 139 160 133 63 31
    232 16 227 91 6 3 255 249 159 254 26 129 156 63 7 128 82 20 254 8 64
    31 252 207 75 255 253 252 236 249 199 0 37 104 98 250 255 255 224 0
    96 16 248 65 240 248 250 79 224 25 125 231 182 123 190 135 248 244
    11 159 156 129 3 0 7 134 175 196 63 255 192 6 7 31 215 255 255 224
    196 126 255 235 165 247 166 227 197 60 250 184 76 247 248 194 30 0
    59 88 231 152 30 1 196 96 161 234 6 128 31 15 129 140 255 226 3 0 0
    0 4 15 59 3 36 12 7 121 191 191 248 65 101 250 30 0 192 96 0 240 23
    159 30 3 214 111 192 36 3 0 179 208 2 127 59 123 243 157 239 41 255
    63 248 160 236 47 1 201 127 192 144 158 7 112 31 242 4 64 199 99 35
    2 13 0 3 159 127 31 250 114 94 169 191 7 61 88 115 206 30 255 192
    248 37 224 56 8 24 241 224 2 32 19 253 255 226 252 127 195 11 98 49
    136 219 24 99 0 10 23 236 168 249 253 48 68 99 255 24 7 156 56 120
    120 2 108 255 254 61 241 225 175 123 31 4 120 33 86 15 0 44 100 173
    140 64 0 0 128 208 62 6 5 159 15 248 108 255 236 2 8 34 143 192 111
    123 3 108 127 160 129 159 127 190 239 19 23 19 121 255 254 7 207 196
    1 231 143 54 118 0 3 31 225 189 7 206 111 2 255 176 141 39 118 190 0
    43 158 232 215 30 0 192 96 224 120 23 255 157 193 223 139 248 125
    129 0 115 128 18 95 59 123 147 189 252 137 127 63 188 20 110 47 30
    255 198 248 6 64 56 248 16 225 192 131 0 123 252 255 226 248 62 193
    11 227 145 132 123 88 99 0 13 26 236 104 151 255 255 255 15 239 72 0
    102 62 4 120 252 164 255 239 189 17 178 167 4 246 76 141 7 119 141 0
    50 86 233 170 1 0 25 192 112 126 6 1 159 142 120 71 190 236 0 1 130
    2 192 47 123 98 108 159 160 128 127 127 183 194 234 31 1 192 0 56 0
    192 30 1 156 112 8 121 94 16 96 96 0 3 129 143 59 117 243 153 167
    121 199 63 164 35 225 192 1 192 0 96 192 124 6 7 159 0 40 10 114 236
    128 249 132 10 252 111 123 115 253 157 164 136 127 63 180 98 98 1 1
    255 255 132 0 0 214 115 159 60 6 96 48 34 127 254 189 111 227 191 26
    96 147 137 6 69 190 0 42 16 225 132 14 6 12 126 7 255 135 250 47 255
    4 168 5 99 112 15 64 9 239 156 251 31 236 98 99 152 95 28 40 193 224
    128 126 236 0 3 129 254 7 255 223 192 6 100 210 235 1 247 254 32 0
    63 251 127 236 125 228 165 223 127 189 254 134 1 30 63 195 96 240
    240 14 193 156 31 247 75 234 195 251 111 114 1 255 239 59 112 99 159
    158 152 127 63 172 234 108 131 140 134 47 31 2 15 247 255 247 224 22
    100 4 235 195 255 126 138 12 248 228 137 204 222 224 101 156 254 123
    209 210 3 6 6 12 124 3 255 135 248 47 222 7 186 1 99 48 45 64 125
    239 158 251 31 12 96 119 216 92 12 40 249 226 168 1 63 63 224 31 255
    199 251 47 254 4 111 129 163 252 168 76 7 235 94 187 95 244 96 239
    136 126 0 53 160 243 208 126 111 192 243 108 124 23 253 157 255 232
    131 250 239 240 31 65 194 255 95 123 113 207 157 172 130 127 63 188
    193 46 4 193 248 125 255 255 248 4 112 23 192 57 186 209 67 4 243
    141 96 111 159 31 195 252 192 101 254 117 0 40 125 126 168 13 14 88
    0 0 24 31 255 159 60 4 71 254 111 128 7 66 188 90 127 59 67 146 124
    14 137 127 0 57 22 238 99 14 6 140 62 7 255 135 248 15 255 132 32 4
    227 250 15 64 3 239 158 251 15 252 100 107 184 95 28 42 211 224 194
    204 192 0 11 228 31 199 255 239 240 121 147 255 255 193 214 77 255
    126 24 248 156 110 126 216 151 92 255 126 229 6 72 1 200 113 112 32
    252 6 1 220 0 254 75 130 31 128 192 182 128 4 79 123 115 239 189 164
    136 127 127 172 198 238 125 30 15 156 112 0 80 27 239 220 126 8 139
    106 60 248 14 65 128 0 175 59 112 179 191 156 152 111 24 30 33 99
    133 1 175 28 121 132 112 7 248 7 206 11 255 255 227 16 13 205 0 126
    223 123 0 235 133 0 158 93 0 60 255 226 0 7 47 30 112 0 255 199 248
    103 252 4 190 28 3 120 15 68 1 171 158 251 103 112 0 7 58 220 0 33
    233 99 196 1 224 0 16 0 192 6 1 158 112 8 63 242 160 32 96 4 11 0
    143 123 127 243 125 44 122 255 63 166 97 227 193 1 224 8 3 192 126 6
    63 159 0 41 128 246 239 192 253 132 42 158 127 251 30 12 124 92 129
    95 127 191 64 19 0 62 111 192 0 0 127 95 255 255 199 250 127 219 255
    240 127 226 191 165 239 251 127 236 253 236 154 127 56 53 214 239 67
    0 128 47 240 1 224 4 0 15 131 150 105 45 34 71 248 189 254 3 223 3
    67 178 66 31 41 189 191 226 28 225 47 190 0 128 128 0 7 199 159 207
    135 232 108 55 45 134 17 163 222 82 124 250 191 20 120 96 72 159 255
    182 0 174 126 1 224 0 0 0 25 71 255 159 0 0 111 250 236 0 243 132 43
    4 191 251 99 5 157 248 137 190 255 252 161 147 192 30 4 0 96 240 112
    23 255 221 225 251 139 250 125 128 67 114 128 90 95 59 112 49 157
    216 136 127 63 190 63 110 1 30 63 197 224 112 112 15 233 156 253 248
    11 250 227 248 127 66 0 255 239 59 112 251 159 140 154 127 63 172 97
    238 0 63 15 128 0 0 7 103 196 240 124 104 107 19 253 248 12 66 11
    252 156 250 62 20 157 225 72 7 254 60 34 174 128 4 2 31 225 220 116
    7 211 223 142 62 106 127 226 24 9 93 160 123 95 123 16 13 191 216
    128 95 0 54 41 98 161 13 255 62 0 0 29 71 255 255 240 4 71 255 219
    127 255 93 45 37 158 250 48 205 189 232 197 158 4 53 80 67 224 126 2
    196 6 1 190 31 135 220 31 192 113 158 20 26 0 98 53 212 111 250 127
    239 191 236 229 191 127 173 208 83 186 6 127 254 14 3 220 7 255 223
    255 132 85 130 237 63 128 9 1 4 31 26 65 255 158 44 247 255 30 61
    208 227 247 1 128 59 96 240 124 14 1 156 192 63 203 242 29 0 208 28
    32 127 79 123 124 79 157 152 152 95 127 164 238 110 40 14 7 12 128 0
    48 7 206 31 31 0 47 255 231 158 0 64 55 202 127 123 25 245 240 248
    129 255 0 51 33 98 216 3 61 62 62 3 12 7 224 31 252 4 121 246 109
    127 252 13 255 255 159 74 239 207 24 28 125 191 95 254 248 227 156
    31 254 0 0 0 62 7 250 223 248 0 1 126 227 96 199 68 0 47 159 251 61
    220 124 104 129 159 255 179 0 102 200 1 207 254 200 7 249 135 248
    231 248 4 114 113 43 195 7 185 0 10 159 11 7 50 113 23 20 120 191
    252 24 96 31 133 255 255 255 159 7 251 254 225 254 5 128 1 155 232
    15 77 0 47 144 196 148 10 39 22 68 16 0 6 88 112 61 25 247 255 224
    112 52 6 58 255 195 112 111 255 227 6 63 250 88 10 239 123 57 255
    252 248 137 159 0 50 42 111 38 6 48 4 134 6 0 7 128 31 240 192 7 134
    227 255 252 13 255 235 159 68 128 12 14 32 135 1 223 253 145 99 128
    193 249 255 191 191 252 4 0 23 131 151 112 15 227 15 249 188 31 65
    79 4 195 205 143 33 148 117 0 54 223 222 114 1 128 63 176 1 225 135
    240 105 254 6 96 3 219 96 0 29 0 45 152 3 3 48 119 35 121 240 142
    100 30 225 15 6 2 206 52 2 2 127 255 216 127 132 237 88 29 250 32 65
    191 179 159 10 255 177 159 239 105 191 0 36 56 225 227 30 31 238 192
    0 34 7 241 159 255 132 0 0 98 127 2 105 85 3 158 107 60 48 156 211 8
    95 255 239 208 97 254 7 255 14 6 7 63 7 241 157 240 4 96 30 146 96
    66 77 3 251 159 122 255 148 254 229 69 191 12 35 24 99 128 255 255
    240 118 103 62 56 121 24 240 120 15 248 27 255 255 221 98 26 205 106
    182 12 153 161 73 3 0 9 160 173 84 254 255 240 132 34 1 56 236 224
    247 232 0 10 31 255 255 205 124 255 224 130 144 0 59 129 65 128 0 5
    128 236 56 1 236 15 16 0 0 7 224 223 240 6 109 234 192 32 226 92 15
    181 159 27 112 179 191 216 9 255 14 62 30 227 192 6 123 44 123 7 255
    199 241 167 246 4 247 192 3 111 62 141 18 171 158 203 244 79 133 23
