<?xml version="1.0"?>
<opencv_storage>
<desc type_id="opencv-matrix">
  <rows>150</rows>
  <cols>32</cols>
  <dt>u</dt>
  <data>
    30 125 192 58 0 95 87 255 223 61 192 122 248 3 252 252 34 255 235
    220 250 56 77 187 240 152 94 0 62 209 239 97 30 125 192 120 0 95 87
    255 223 125 192 120 248 3 252 252 35 255 235 220 251 184 109 187 240
    152 94 0 62 213 239 97 62 127 196 64 0 31 23 255 255 225 196 126 250
    27 5 215 162 143 251 184 251 24 76 123 208 128 30 0 62 248 103 17 65
    252 0 3 129 63 199 255 159 240 6 105 28 99 32 195 141 224 3 159 251
    127 156 92 101 129 159 255 248 28 19 232 47 127 254 97 176 3 187 236
    192 126 7 233 55 253 255 238 125 135 254 208 33 4 16 92 19 9 0 0 30
    29 81 255 15 255 255 240 28 33 187 254 231 126 6 111 119 253 254 47
    127 253 254 160 135 4 50 124 19 136 76 0 30 30 241 238 30 3 144 96 1
    206 31 211 28 31 8 103 0 224 12 0 64 32 4 191 59 127 179 140 47 120
    191 63 173 162 228 240 127 255 212 73 248 126 7 255 223 240 136 128
    254 239 240 255 193 40 15 223 251 63 236 126 252 151 95 127 56 97 23
    0 158 124 192 0 0 0 120 161 16 241 196 72 96 27 125 230 35 251 251
    143 250 244 3 131 156 129 163 0 12 22 239 201 6 19 205 224 3 200 1
    128 28 255 248 108 2 192 44 0 64 32 20 143 27 99 243 140 7 120 167
    191 197 226 232 248 1 255 127 248 23 254 7 120 31 240 7 127 255 227
    225 246 93 0 63 159 27 127 243 112 255 184 119 0 57 156 226 69 28 6
    0 96 224 112 31 239 220 127 127 139 234 20 255 111 121 159 227 175
    59 114 17 159 216 136 127 63 166 150 102 199 63 63 212 240 112 126 6
    201 159 252 232 155 254 227 248 255 68 2 255 239 123 123 253 157 236
    154 127 127 190 99 110 0 254 51 0 11 204 17 199 141 163 15 1 147 201
    111 254 188 77 7 255 208 244 132 74 99 24 134 88 255 249 220 23 80
    19 249 255 240 51 227 196 25 129 143 8 45 128 59 24 57 131 250 99 95
    3 127 179 66 127 121 178 0 41 149 232 76 255 255 240 126 103 254 56
    121 24 248 120 1 128 27 129 199 254 63 235 37 123 122 77 159 225 137
    7 0 0 199 173 82 1 236 127 240 253 252 23 255 159 224 255 70 191 226
    49 231 255 201 28 191 59 120 239 191 219 152 127 0 63 228 232 228 1
    249 127 255 31 254 7 120 31 240 6 95 208 43 225 254 157 192 11 159 6
    160 109 157 35 183 215 0 61 86 241 15 1 255 127 248 31 254 7 120 63
    240 7 127 255 227 225 246 93 128 63 159 11 255 243 96 239 184 119 0
    57 28 224 69 62 127 192 114 7 254 56 233 24 241 192 192 128 27 237
    247 226 239 203 103 107 253 205 159 224 137 135 0 5 222 231 84 1 128
    63 244 3 129 7 96 109 240 6 96 3 251 0 0 29 0 101 154 2 130 48 127
    35 105 176 143 244 30 224 55 0 240 124 122 4 245 199 248 35 227 5
    255 207 235 71 254 140 2 43 158 251 1 252 194 104 156 88 2 52 251
    103 2 0 208 44 120 4 117 199 248 35 227 5 255 159 227 71 188 140 2
    239 158 235 128 204 2 32 154 88 2 60 251 99 26 1 224 8 63 207 255
    199 251 39 192 15 176 28 99 112 125 133 32 43 222 252 255 236 96 100
    132 94 127 56 105 18 128 254 3 128 7 233 188 7 216 31 143 96 0 200
    227 219 29 251 158 143 223 251 127 239 159 156 135 191 255 253 208
    31 23 30 31 254 62 3 143 23 255 159 223 132 29 128 109 15 3 224 5 64
    127 74 239 252 92 39 123 191 31 61 208 226 251 5 255 255 120 0 224
    247 254 195 252 6 125 255 217 104 6 92 1 37 155 27 73 243 92 111 61
    240 12 18 26 225 240 30 95 246 0 1 143 87 255 223 255 132 13 128 237
    15 3 226 1 20 31 59 123 244 220 227 123 159 30 61 144 236 251 13 206
    12 60 3 239 247 255 159 240 132 192 5 107 96 30 64 112 43 152 251 31
    52 114 227 120 94 28 58 248 225 14 30 127 198 112 7 64 121 254 35
    195 197 136 0 233 7 119 227 147 251 33 11 192 3 133 7 120 96 0 28
    144 225 139 2 241 252 122 4 245 199 248 103 227 15 255 223 235 70 60
    136 2 43 158 251 144 252 99 224 190 88 2 52 255 227 2 4 0 0 116 3
    251 199 250 39 136 224 124 3 226 0 0 65 97 10 95 27 127 18 98 31 120
    188 30 52 190 225 224 217 187 240 112 37 240 33 254 71 143 120 95
    143 227 254 252 190 127 251 209 27 0 100 30 35 154 97 0 20 214 237
    224 6 19 143 224 1 224 121 131 16 7 248 79 128 2 15 0 56 20 0 159 27
    103 243 141 31 57 231 31 193 162 233 250 1 255 255 242 29 120 78 107
    159 124 6 99 216 34 255 255 188 91 235 175 27 96 75 139 6 129 126 0
    36 216 251 134 2 224 8 99 133 127 134 15 143 0 9 130 2 236 128 248
    132 42 254 127 251 62 0 126 23 128 95 255 190 225 98 0 193 208 126
    15 191 12 100 0 16 99 135 240 0 92 15 160 61 31 180 156 4 160 15 141
    18 68 131 199 237 216 85 222 237 255 254 1 184 0 57 238 28 124 134
    127 127 28 224 7 66 16 243 161 116 128 219 155 248 128 99 253 198 59
    86 62 7 15 28 96 5 251 199 249 135 252 0 142 255 35 248 12 64 1 161
    222 187 103 32 8 7 40 252 12 51 193 99 192 253 31 246 0 32 0 19 254
    95 127 196 71 254 134 255 134 98 29 1 176 128 128 3 159 16 128 160
    255 215 128 237 246 0 128 24 0 0 0 6 0 31 194 0 127 124 35 0 48 77
    124 3 143 58 0 4 126 240 67 145 255 240 1 17 96 135 255 255 255 30
    39 255 253 224 247 6 112 8 155 226 7 64 0 37 144 196 164 3 143 18
    132 16 0 6 217 224 58 38 104 0 31 201 254 7 251 31 192 1 186 220 99
    208 120 133 11 235 95 248 127 239 122 236 134 95 127 56 249 19 64 1
    128 63 186 0 192 0 0 3 242 6 96 35 227 96 0 29 0 45 143 2 67 179 76
    31 57 225 159 230 28 225 47 129 255 254 255 63 227 168 64 32 126 5
    144 7 131 255 239 157 17 235 224 6 130 48 66 83 118 224 128 67 25
    109 186 1 63 127 224 18 223 199 225 227 252 4 110 0 59 60 192 76 3
    251 159 251 255 242 101 7 120 252 0 53 160 226 208 254 127 160 3 224
    16 24 6 30 31 197 131 254 236 191 239 189 131 208 101 124 128 77 157
    216 128 7 249 218 81 23 221 19 255 220 224 48 118 199 255 159 227
    200 138 6 235 252 255 133 104 62 254 251 61 243 94 14 154 95 255 190
    21 107 224 3 252 40 0 0 0 7 232 25 248 4 111 45 3 255 254 29 225 171
    159 8 128 11 227 216 72 33 255 234 24 97 196 13 62 126 8 1 237 255
    255 221 252 132 82 239 255 249 207 124 125 255 120 59 120 111 191
    219 246 94 0 30 208 228 240 13 63 58 62 1 224 247 255 224 124 4 32
    127 214 248 2 93 112 30 155 10 127 243 179 223 125 238 0 14 17 225
    248 1 224 24 7 131 28 23 255 29 192 0 128 14 107 208 255 140 40 107
    88 248 128 77 154 224 198 58 255 202 96 66 64 30 95 246 128 1 142 71
    255 223 255 196 5 192 237 15 3 178 5 20 31 59 127 253 156 239 123
    159 16 61 144 236 251 1 232 24 3 0 60 7 252 31 192 0 3 254 107 128
    223 140 32 107 95 250 0 12 121 208 128 63 255 250 64 66 40 0 241 255
    240 0 0 0 0 23 131 246 111 61 194 7 253 191 254 239 227 3 192 3 131
    154 88 96 1 194 158 232 15 14 7 159 0 1 254 119 255 248 63 6 123 235
    221 186 0 83 131 253 95 59 127 1 191 151 124 111 28 22 216 224 151 1
    207 254 14 7 253 135 248 231 252 4 119 243 107 192 31 152 0 107 223
    27 71 10 113 23 70 60 63 255 82 226 39 59 255 184 65 252 124 134 255
    223 240 0 198 134 235 252 255 141 32 30 255 251 60 235 94 28 132 95
    255 191 220 6 128 1 134 95 240 23 32 135 224 71 254 7 126 38 221 224
    0 82 0 188 145 3 128 18 92 31 8 32 143 222 26 225 11 29 12 35 123 68
    120 7 193 156 252 255 50 234 255 185 192 122 0 101 79 123 112 203
    159 156 148 127 255 252 99 166 226 1 204 28 26 0 124 7 255 159 200 6
    102 239 227 0 3 204 0 3 31 251 91 237 254 248 128 127 255 253 226
    146 0 6 23 254 126 7 248 24 1 28 31 132 63 248 4 62 8 64 1 3 175 11
    96 79 157 146 150 103 31 229 225 225 215 93 14 0 113 224 124 7 201
    159 156 105 142 146 239 248 8 64 0 1 95 251 96 207 157 168 154 127
    255 252 225 7 176 1 128 62 224 148 116 7 248 119 254 4 1 255 227 255
    32 77 0 10 159 251 56 237 179 248 137 95 15 59 192 99 226 17 204 0 0
    0 28 7 249 31 240 224 12 28 99 64 87 131 248 235 159 251 107 253 200
    108 250 191 127 58 192 38 12 255 255 242 64 32 62 7 255 223 253 196
    0 18 227 127 238 123 255 171 158 251 57 156 156 224 128 31 255 254 0
    111 254 1 235 127 254 7 254 6 0 31 246 4 255 213 227 32 0 13 8 3 159
    123 127 252 64 103 190 95 0 57 233 225 228 6 7 28 0 1 195 215 249
