<?xml version="1.0"?>
<opencv_storage>
<desc type_id="opencv-matrix">
  <rows>150</rows>
  <cols>32</cols>
  <dt>u</dt>
  <data>
    193 224 119 63 41 252 4 0 29 224 223 159 204 2 35 240 185 207 3 159
    58 112 77 179 224 202 39 0 32 229 159 199 1 131 63 127 143 255 135
    96 47 254 7 163 135 2 0 0 77 0 43 159 4 159 4 114 247 89 63 6 33 169
    225 158 46 23 28 4 1 135 155 254 15 143 0 252 3 227 158 31 76 19 126
    96 51 15 16 64 87 100 156 0 30 59 16 90 14 15 140 76 3 207 135 199
    223 61 132 60 62 36 0 0 66 205 0 62 234 191 36 124 39 126 159 31 58
    81 224 245 1 159 255 190 3 207 231 254 103 220 15 120 7 224 8 129
    132 13 1 31 10 255 243 98 31 124 255 6 26 97 225 240 124 6 0 132 1
    29 135 224 224 252 224 68 143 221 224 0 66 0 253 155 250 87 206 127
    172 225 160 255 213 210 158 135 1 132 126 234 7 224 7 112 63 252 4
    124 7 227 3 0 77 0 5 159 3 217 241 226 251 38 253 15 62 152 225 222
    253 255 254 31 168 49 250 115 225 240 7 128 96 144 99 7 248 0 53 160
    244 96 15 143 16 132 24 32 36 81 23 142 5 255 255 254 15 239 200 0
    231 62 6 126 0 166 240 15 210 252 10 166 6 255 244 231 231 118 157 0
    55 154 233 42 5 255 255 254 15 255 10 64 103 60 6 126 0 228 224 15
    66 254 35 167 6 255 244 229 231 118 143 0 55 218 224 102 25 247 242
    8 0 222 71 255 223 39 132 95 242 228 15 163 251 180 4 63 123 125 251
    156 108 254 223 16 61 208 239 251 30 19 192 96 3 192 7 135 31 15 136
    101 222 236 12 0 64 32 0 31 11 64 77 140 35 121 191 255 245 96 229
    248 254 110 0 3 200 49 255 255 226 112 232 226 248 31 240 255 67 251
    11 176 252 0 79 157 0 132 120 255 212 238 23 65 243 249 255 23 11 3
    220 59 47 128 23 120 0 2 127 255 189 160 3 160 4 130 16 99 35 97 156
    0 36 30 213 65 30 3 230 224 3 204 7 131 30 7 228 100 128 100 3 0 50
    80 26 31 27 99 79 141 7 120 191 191 237 232 236 254 1 140 127 252 7
    216 7 112 31 248 6 125 255 35 1 0 126 192 3 159 11 235 251 138 222
    249 191 15 43 16 227 246 1 128 63 255 31 254 7 0 31 220 7 175 199
    162 0 0 77 192 11 31 3 79 4 114 87 73 63 15 161 185 224 31 30 31 220
    4 3 175 199 255 175 223 132 93 129 236 12 1 66 0 84 30 251 127 180
    100 231 107 158 30 61 146 236 185 17 185 112 30 3 31 7 255 223 28 6
    126 254 38 249 232 140 112 3 94 250 144 76 255 240 200 158 0 63 249
    231 168 1 60 12 120 3 255 231 249 33 220 6 127 255 211 248 200 12 63
    239 92 251 38 76 0 7 124 80 0 44 107 224 240 6 67 206 16 1 248 6 0
    31 231 132 127 255 34 2 0 128 0 3 15 27 99 149 154 251 27 127 31 170
    146 225 223 1 224 8 0 192 63 135 255 175 0 40 40 33 96 0 255 132 10
    0 190 251 63 10 115 28 129 31 127 62 33 19 64 1 4 31 224 5 254 7 255
    159 220 6 65 255 99 128 0 70 0 3 95 123 61 238 121 32 185 95 31 61
    82 227 17 12 2 0 192 0 124 15 1 220 63 224 99 255 156 250 8 98 135
    240 79 123 125 239 255 248 129 79 127 166 126 238 23 1 140 31 248 1
    244 7 252 223 252 6 71 242 107 128 0 92 0 10 95 59 0 108 124 241 184
    95 31 61 214 224 153 1 224 8 3 200 63 7 127 159 0 40 65 7 237 192
    255 132 10 4 127 251 63 12 126 252 129 31 127 187 32 19 64 209 252
    115 60 3 0 56 120 33 224 247 255 0 27 127 247 189 124 0 163 4 230 3
    7 31 88 33 0 2 184 237 224 1 224 8 64 192 63 135 255 175 128 32 96
    33 96 0 255 132 10 0 191 251 63 2 115 31 129 31 255 190 32 99 64 30
    2 128 192 0 124 27 129 220 63 224 99 254 29 250 8 98 131 244 79 123
    121 207 187 248 129 71 63 166 126 234 23 30 6 2 0 0 60 87 255 223
    120 228 95 240 239 255 239 127 252 4 126 251 125 207 253 248 131 159
    28 57 208 226 239 1 232 111 224 1 248 32 0 50 0 248 72 40 0 1 224
    186 8 2 159 27 114 3 131 223 152 103 63 194 192 232 231 1 176 63 224
    159 252 7 112 103 252 4 171 255 131 63 224 29 47 239 159 59 83 207
    97 254 136 124 6 50 41 98 224 5 47 28 96 0 251 199 249 1 252 4 191
    157 3 112 15 64 0 171 158 187 103 114 0 7 139 240 12 34 219 99 132
    13 255 254 4 0 15 247 255 207 252 4 127 255 219 124 230 92 1 37 156
    250 47 244 92 96 101 158 12 55 16 227 193 205 159 124 7 169 33 227
    64 225 220 0 248 0 155 88 143 76 54 173 192 132 4 2 7 19 68 144 0 36
    127 21 56 193 224 95 248 120 218 6 35 223 32 255 254 255 228 128 242
    183 232 0 47 119 127 241 251 252 184 127 3 54 255 250 165 1 128 0 0
    0 0 6 1 159 112 8 191 252 228 32 192 4 9 0 143 59 100 179 30 30 155
    127 63 186 161 17 225 14 15 8 112 0 120 123 245 152 252 9 138 106 28
    112 14 65 192 37 155 59 112 203 155 158 152 99 12 6 101 99 13 62 35
    199 248 5 248 103 220 227 207 202 64 217 255 254 60 98 31 252 83 59
    81 255 165 174 189 240 0 29 102 235 67 24 19 246 12 1 254 6 1 222 31
    132 86 142 44 15 0 56 0 64 47 59 75 252 126 111 126 255 63 185 210
    238 187 249 183 120 193 249 96 177 78 70 62 121 135 224 108 255 252
    77 255 210 113 19 0 3 15 31 129 104 0 25 149 29 214 27 255 240 6 7
    191 71 255 223 216 192 230 190 41 1 199 161 239 227 190 250 16 76
    191 224 196 158 16 63 216 110 116 99 249 191 243 255 248 0 0 71 12
    23 128 254 100 191 233 189 111 210 103 5 64 239 143 14 137 108 0 58
    213 17 208 1 0 28 108 135 255 199 249 225 252 7 126 19 83 56 0 4 127
    239 30 251 63 12 0 7 124 80 2 44 127 224 240 2 65 206 48 1 248 6 0
    31 231 132 127 255 98 2 0 128 0 3 159 27 99 219 138 223 137 63 31
    171 146 227 223 6 123 60 63 7 207 135 240 231 230 7 255 131 227 111
    62 141 48 171 158 232 191 100 114 229 126 93 10 60 249 195 26 7 46
    12 124 7 254 7 251 159 60 5 143 224 98 240 126 77 127 235 190 107 56
    77 255 248 218 31 0 41 248 97 66 24 0 0 96 240 120 23 255 223 9 251
    139 224 32 0 128 114 128 122 31 59 127 147 189 254 137 127 63 188 62
    110 25 5 46 24 31 143 159 135 239 239 124 15 144 135 239 248 254 77
    40 37 158 252 159 204 118 232 231 159 127 53 220 18 225 197 230 56
    15 8 16 7 112 39 224 6 119 255 227 100 255 221 254 5 175 252 192 79
    131 152 134 125 0 51 92 147 65 227 249 255 231 255 253 196 57 39 195
    119 1 252 227 7 115 187 188 12 159 151 67 204 68 39 135 184 2 57 65
    123 227 30 102 32 0 0 62 87 255 223 32 228 95 240 236 183 231 127
    252 4 127 251 127 207 253 220 131 191 28 61 208 238 239 1 15 24 1
    192 126 7 225 255 124 0 131 251 2 8 0 76 0 3 159 251 127 237 251 252
    134 127 127 167 192 7 248 1 255 63 244 3 135 7 224 253 248 31 125
    191 219 121 226 93 112 126 156 196 152 108 251 224 121 147 0 38 255
    224 232 0 128 8 96 128 224 128 0 7 240 6 105 85 226 32 66 93 192 43
    135 11 71 178 0 7 57 224 255 232 28 97 132 249 191 120 193 248 32
    185 78 198 30 113 135 242 108 255 252 93 219 146 112 19 0 19 29 23
    129 104 0 29 149 29 198 128 128 15 158 15 8 6 0 15 192 214 96 31 224
    0 16 50 139 156 143 4 128 12 7 32 101 160 207 237 210 243 7 162 251
    255 241 188 127 198 56 7 199 135 251 195 195 7 63 161 255 255 206
    245 175 204 68 36 152 93 0 36 252 82 23 1 192 15 248 88 210 6 3 223
    32 127 122 126 36 128 242 55 232 64 47 119 127 241 251 252 56 127 7
    62 127 250 165 1 0 15 58 4 48 71 225 241 248 14 123 234 16 60 224 76
    1 229 159 26 240 139 191 220 128 119 14 38 42 227 208 225 251 255
    159 31 62 4 24 127 135 134 99 255 195 63 185 140 7 126 95 212 130 12
    123 240 132 61 0 55 58 250 208 1 192 63 252 7 135 6 0 95 192 22 101
    6 235 7 208 189 254 127 158 196 129 252 124 97 125 157 207 249 156
    224 61 123 255 255 192 33 254 24 108 28 120 244 127 255 31 255 255
    190 96 107 167 59 62 2 59 151 69 7 0 13 24 236 160 26 24 32 0 1 240
    6 1 223 28 228 127 210 188 15 128 63 244 16 47 59 71 243 29 39 54
    255 63 181 84 237 190 99 249 191 243 255 248 0 0 71 12 23 128 254
    100 191 233 189 111 210 103 5 64 239 143 14 137 108 0 58 213 17 208
    25 252 0 96 224 120 7 113 157 240 113 138 154 2 124 246 126 63 0 159
    123 112 77 159 128 136 127 63 166 226 103 224 190 255 255 240 54 64
    33 252 97 243 198 0 3 253 255 247 226 255 253 65 7 128 16 198 91 90
    96 0 29 128 236 177 39 255 255 241 188 127 198 24 7 207 7 235 199
    227 31 63 205 255 255 238 245 47 204 4 36 136 93 0 36 252 82 30 0 0
