<?xml version="1.0"?>
<opencv_storage>
<desc type_id="opencv-matrix">
  <rows>150</rows>
  <cols>32</cols>
  <dt>u</dt>
  <data>
    5 255 63 63 0 80 87 255 223 240 23 235 254 109 224 71 221 0 18 126
    152 96 79 157 0 153 126 12 56 126 194 5 1 192 15 248 0 0 56 7 28 0
    22 127 32 36 0 209 159 160 2 111 2 224 51 139 26 24 111 255 202 190
    224 1 5 255 255 254 7 252 135 255 223 248 6 121 222 235 224 223 222
    32 62 158 11 137 254 124 106 249 222 14 60 216 224 56 5 6 28 14 0 24
    7 224 95 254 0 149 255 194 120 8 76 48 189 159 58 65 255 218 124 167
    225 0 51 97 67 170 0 0 15 248 7 72 0 0 23 129 134 127 142 227 0 17
    130 0 76 79 11 194 3 142 7 122 101 31 220 187 224 15 0 0 0 0 0 30 6
    7 223 0 200 96 128 44 128 16 128 0 82 111 251 24 12 255 248 129 31
    255 188 226 226 0 0 192 15 240 7 184 0 2 23 0 6 127 0 226 128 25 130
    0 94 111 11 99 147 133 143 8 167 31 200 58 224 7 14 23 140 58 0 247
    247 255 227 127 4 130 1 211 254 12 77 31 255 88 251 29 254 119 232
    158 88 8 45 225 98 210 12 6 12 56 0 79 215 255 173 254 5 170 15 239
    254 0 76 39 254 28 250 60 76 99 224 216 94 12 62 235 226 248 1 192
    28 112 0 112 223 255 159 0 4 255 128 45 128 95 141 0 67 127 59 118 3
    159 23 136 127 255 252 169 226 0 6 7 12 14 0 152 7 224 95 254 0 181
    255 192 96 14 76 60 189 159 58 9 255 122 252 183 225 0 51 97 67 42 1
    134 127 248 28 120 87 255 159 0 23 235 254 100 0 7 222 0 2 127 119
    240 207 157 128 153 127 4 56 122 242 7 5 6 28 62 0 95 247 255 172
    124 7 234 63 111 248 130 76 39 254 156 250 62 12 99 248 152 94 12 58
    235 194 240 126 2 128 16 64 126 23 231 220 127 249 130 126 252 160 0
    66 1 112 31 123 123 77 191 220 152 127 127 190 99 30 255 62 6 0 96
    225 126 31 239 158 63 233 128 255 236 184 0 66 0 65 127 123 126 77
    191 216 152 95 255 182 99 38 191 2 0 12 112 0 0 4 0 31 195 142 79 96
    35 134 56 130 4 3 79 27 65 219 136 94 137 103 63 249 2 227 48 1 132
    28 0 128 31 199 241 255 248 4 97 188 83 96 194 77 41 61 158 248 63
    252 252 224 189 222 6 42 254 67 192 15 255 252 224 0 240 7 252 255
    254 0 134 24 91 252 111 69 47 255 154 187 17 240 191 160 154 120 28
    61 144 97 192 1 236 24 0 128 31 135 240 71 248 7 143 223 235 96 194
    77 41 13 158 248 3 12 92 32 136 16 6 52 33 67 192 30 0 128 64 240
    126 7 255 255 7 248 64 0 228 0 0 98 0 0 31 251 95 236 127 252 128
    127 127 182 194 110 31 1 236 127 240 0 80 7 127 159 240 134 107 96
    111 241 255 204 8 254 255 123 127 179 159 222 152 127 63 188 1 226 0
    1 252 127 248 16 193 199 120 231 248 15 111 1 67 125 230 12 127 175
    154 3 15 178 112 111 57 248 0 58 169 233 192 126 6 0 0 64 16 7 255
    255 241 232 106 127 255 224 2 66 0 4 154 251 24 207 255 216 136 124
    126 62 98 23 62 1 236 63 225 254 62 7 255 159 248 63 79 130 235 240
    127 93 99 143 159 255 162 12 159 32 128 31 6 63 236 115 204 1 192 0
    64 0 191 199 255 223 0 104 111 248 109 128 127 130 2 197 127 123 127
    179 159 159 136 191 63 62 32 226 1 3 255 255 250 31 248 8 15 31 14
    23 127 232 47 255 255 191 168 195 103 11 115 235 155 159 152 127 1
    188 248 224 1 1 224 126 240 0 80 23 127 159 224 128 107 96 111 192
    127 128 58 125 95 123 127 179 159 222 152 127 63 188 33 234 0 236 6
    0 0 0 31 23 255 159 0 0 64 14 236 0 23 192 0 84 126 252 184 12 158
    224 128 31 255 61 226 146 0 31 15 243 48 1 192 123 255 254 28 255
    110 47 253 249 15 114 195 252 127 59 127 115 191 223 120 127 0 30
    126 236 22 1 198 127 252 3 255 7 248 111 240 6 126 7 235 128 7 72 8
    126 31 123 63 244 118 239 120 223 14 60 218 224 66 5 22 47 240 0 120
    199 255 247 28 4 127 160 253 159 141 127 244 212 127 59 125 203 191
    222 152 126 127 246 223 226 63 0 0 15 240 7 255 199 255 231 193 134
    96 255 235 128 65 130 0 92 94 43 127 112 125 231 121 94 14 62 122
    224 1 2 1 143 224 0 208 6 0 31 199 132 92 0 99 12 24 130 0 3 95 27
    67 179 8 47 59 253 31 248 16 227 81 1 128 63 250 29 246 7 127 223
    192 23 224 224 107 0 17 156 0 90 95 123 57 244 254 249 152 95 15 62
    122 224 1 255 255 244 7 40 7 255 255 223 240 128 224 159 255 253 255
    204 43 255 240 244 128 76 191 160 197 152 224 29 232 31 0 30 127 142
    127 7 124 7 254 95 195 135 96 63 235 215 255 242 252 111 127 250 128
    76 159 144 128 125 8 58 90 226 32 19 251 255 254 15 248 8 14 31 7 23
    127 200 47 223 255 190 174 227 111 27 113 239 155 254 184 127 1 60
    222 232 17 30 119 142 58 5 240 7 254 199 199 132 178 104 235 214 63
    193 158 191 222 27 0 111 31 19 156 124 8 62 89 225 7 1 192 31 240 7
    192 24 19 30 0 4 104 112 2 0 125 130 0 99 175 11 225 243 153 239 121
    127 159 230 58 224 1 1 255 255 248 54 64 8 30 31 0 23 127 46 98 7
    255 189 210 2 103 3 192 19 142 19 88 111 1 154 188 232 15 1 252 62
    14 2 12 7 248 31 240 6 116 255 163 101 255 141 123 171 159 90 192 79
    155 216 101 191 14 55 220 227 0 1 192 127 190 31 168 6 0 29 240 6
    126 3 226 96 120 29 0 63 143 6 227 21 130 99 104 167 7 172 30 241 1
    0 0 223 240 0 70 6 5 223 15 158 127 10 108 0 1 162 0 20 111 123 127
    145 255 252 122 95 63 188 43 226 23 129 232 28 63 223 254 7 112 31
    240 7 185 208 35 112 252 13 127 35 159 244 139 252 204 96 135 125 6
    60 93 19 96 237 255 255 192 56 3 231 254 227 253 132 0 3 251 255 255
    253 1 190 144 230 132 2 116 16 130 24 224 116 16 255 255 1 248 63
    158 14 0 7 120 31 192 6 119 60 99 192 255 157 32 2 95 4 255 179 250
    254 101 191 15 59 28 242 96 1 252 24 251 220 96 7 112 31 248 41 254
    192 35 56 226 13 47 3 159 3 64 3 137 3 156 119 6 40 239 97 224 14 7
    143 240 0 112 7 243 223 31 251 234 42 32 30 1 66 0 3 63 59 112 79
    191 216 152 127 63 254 239 226 223 1 217 255 56 0 16 7 255 159 252 6
    110 162 226 104 0 31 128 3 159 122 112 107 159 156 152 127 127 190
    254 227 127 1 255 124 0 0 16 7 249 31 248 8 0 2 227 124 254 76 15
    171 159 251 0 13 159 0 136 95 127 60 96 227 224 1 255 127 240 20 124
    23 255 223 248 22 122 162 235 255 255 253 192 11 255 251 125 207 159
    220 136 127 0 62 254 234 207 1 200 15 224 0 48 4 48 23 192 200 104
    56 34 1 64 128 50 235 159 27 96 11 135 158 136 63 63 234 226 226 10
    65 232 59 113 253 252 7 120 31 224 31 160 222 99 1 247 157 248 43
    159 117 0 237 139 32 137 127 2 60 253 18 32 1 236 24 249 220 96 7
    112 31 248 57 254 192 35 48 226 13 47 131 159 3 0 35 142 2 152 125 6
    40 255 33 224 17 253 243 126 6 124 7 255 255 224 54 96 252 235 197
    223 188 126 15 158 250 152 76 255 216 136 95 30 58 192 239 56 30 7
    129 112 0 112 7 195 223 31 251 138 42 32 56 0 66 128 3 63 59 112 79
    191 216 152 127 63 254 239 226 255 1 248 127 128 0 0 7 248 39 240 6
    120 63 227 99 254 63 218 235 159 59 89 179 226 251 1 188 14 50 30
    225 7 1 159 124 100 3 255 7 255 223 222 4 0 18 224 26 3 205 4 3 159
    123 67 204 157 225 123 191 63 189 65 226 246 6 0 14 60 3 232 6 0 31
    192 7 72 6 34 0 16 77 0 43 143 11 66 4 158 3 120 191 31 174 222 225
    7 141 255 124 6 0 1 247 254 97 240 0 65 0 251 252 254 76 59 255 144
    128 128 18 68 7 69 176 254 219 40 69 192 1 255 127 248 1 192 7 255
    159 248 6 127 218 227 251 207 125 76 2 223 11 113 243 191 163 124
    255 15 61 208 225 118 1 223 62 24 0 192 7 249 159 240 6 127 226 227
    160 2 29 176 3 31 58 112 107 159 152 124 255 31 181 220 224 249 30 2
    192 240 240 112 7 129 159 255 249 131 171 162 10 0 98 0 1 159 59 112
    75 159 222 152 127 63 166 234 111 255 1 0 47 240 0 32 7 216 31 200 6
    127 254 99 11 157 124 0 107 223 27 65 243 156 104 137 255 31 248 26
    224 30 3 255 254 96 1 252 6 88 223 220 4 0 218 235 251 143 141 3 1
    207 59 67 255 191 167 249 255 63 189 208 225 90 255 255 247 240 116
    63 123 255 248 7 247 235 127 223 255 255 249 255 255 124 251 252 13
    251 216 136 31 0 22 60 238 78 4 4 3 240 7 255 199 255 239 156 254 73
    87 235 136 136 118 228 203 94 235 159 244 124 109 169 158 12 60 0
    227 53 1 255 127 240 16 120 23 127 223 248 22 122 162 226 3 7 254 16
    3 191 123 116 75 191 156 152 127 7 62 251 235 255 14 23 15 224 1 124
