<?xml version="1.0"?>
<opencv_storage>
<desc type_id="opencv-matrix">
  <rows>150</rows>
  <cols>32</cols>
  <dt>u</dt>
  <data>
    193 128 97 60 0 72 7 0 95 248 223 255 195 237 33 192 61 253 129 31
    24 195 4 92 4 122 103 0 53 252 135 225 1 131 62 119 143 62 7 0 47
    254 5 135 225 98 0 0 13 0 5 159 72 190 2 115 23 129 31 6 61 248 97
    30 231 255 59 193 248 1 249 255 163 224 126 79 232 168 63 247 188 13
    1 176 133 196 3 7 30 67 184 0 17 22 27 225 25 255 240 60 3 207 199
    255 255 216 4 120 253 226 1 199 141 127 165 190 250 188 108 243 248
    252 222 0 58 85 239 84 30 3 196 96 129 230 6 128 31 199 129 140 255
    224 2 0 128 0 4 31 59 2 100 28 35 121 159 255 250 65 100 250 73 12
    98 0 0 112 24 64 28 28 228 95 250 148 9 128 124 53 196 15 59 112 235
    157 140 150 103 63 199 214 143 251 31 223 222 14 3 207 7 255 223 63
    132 84 134 228 12 2 178 1 132 62 250 31 236 126 225 118 223 24 61
    210 229 241 50 64 0 0 192 31 135 191 239 195 249 175 63 235 4 241
    162 127 204 94 251 31 140 127 224 136 92 255 62 39 3 0 1 200 63 22 3
    159 6 115 159 224 30 68 132 96 0 194 158 0 3 159 248 127 76 222 96
    97 159 255 249 198 195 64 1 232 8 0 0 18 199 247 159 0 0 159 255 224
    0 227 132 41 0 190 251 124 147 115 156 139 95 127 58 161 18 224 1
    192 63 115 159 60 7 32 31 226 7 163 248 66 96 120 29 128 61 159 117
    0 12 141 0 129 21 7 40 93 80 7 3 59 254 232 7 252 6 216 103 223 0
    127 252 107 188 40 128 123 250 95 27 127 255 200 126 148 125 2 58 57
    234 200 0 128 0 112 0 224 3 0 7 32 214 107 101 34 1 240 119 242 3
    175 11 71 179 66 31 25 101 255 226 28 225 13 0 0 0 64 208 62 7 135
    223 15 232 108 255 228 2 24 34 159 192 95 251 26 108 127 224 137 159
    255 190 239 99 3 30 12 0 14 7 239 135 199 223 60 192 127 252 100 0 0
    67 192 113 190 234 63 76 125 35 103 159 30 59 208 224 141 6 0 8 96 5
    224 231 208 3 200 40 106 39 130 16 193 133 239 0 159 11 103 179 130
    31 24 112 191 226 30 225 224 1 239 63 255 223 126 6 48 31 194 5 176
    0 98 0 23 221 139 129 143 117 102 12 13 7 148 95 1 40 89 17 7 1 232
    8 0 0 22 135 247 159 128 0 41 190 224 0 227 140 41 0 190 251 60 146
    126 28 137 159 255 186 161 147 224 0 128 47 228 3 128 4 2 15 3 134
    69 23 226 7 248 189 254 75 95 6 130 52 64 35 121 173 255 201 28 224
    50 31 63 184 56 1 255 199 251 47 220 0 255 255 227 152 13 140 0 237
    95 59 95 250 98 223 184 126 8 50 251 98 150 191 255 255 186 0 195
    200 126 39 143 6 96 164 227 255 255 221 126 107 96 134 140 50 102 31
    61 220 0 59 252 232 56 65 143 56 1 192 126 7 97 159 124 0 147 255 0
    3 0 76 0 3 159 123 125 205 187 232 134 95 127 165 193 19 250 0 224 0
    19 192 126 6 15 159 0 9 128 60 237 192 253 132 42 193 111 251 127
    205 220 104 129 95 127 186 98 18 0 1 192 31 113 220 16 7 224 25 240
    7 131 254 123 64 16 27 128 28 159 245 128 205 155 232 137 17 2 57 24
    82 39 1 128 16 96 193 254 30 1 156 96 30 2 154 16 0 0 2 0 116 31 123
    115 109 159 160 138 127 63 174 214 230 189 1 0 0 120 0 194 134 1 142
    124 9 152 15 164 48 64 5 75 0 143 59 63 242 126 95 58 95 191 242 37
    97 196 24 3 254 140 1 254 6 1 222 31 224 86 194 108 15 0 120 7 208
    111 123 127 236 255 229 246 255 63 189 210 239 154 0 0 0 64 0 126 14
    1 158 15 248 102 190 236 130 8 66 143 192 111 123 114 109 159 224
    128 79 63 183 234 227 23 97 40 8 15 203 159 135 249 237 248 11 144
    135 219 240 252 5 232 45 158 252 63 236 118 236 231 159 255 181 213
    18 97 1 220 24 64 96 126 7 97 159 248 40 155 126 0 44 194 68 96 1
    159 123 121 221 159 232 138 95 127 166 33 47 248 29 46 228 192 0 220
    7 223 31 141 192 127 255 226 27 223 224 30 10 111 123 95 255 120 236
    187 255 0 48 30 239 70 122 0 0 0 64 3 198 155 143 3 240 111 224 2 7
    249 179 255 107 126 250 60 50 112 30 57 94 255 234 28 134 121 25 247
    242 30 1 254 23 255 159 35 132 62 158 228 63 227 255 141 0 191 122
    125 237 157 224 246 223 16 53 209 231 243 127 252 0 3 1 255 7 255
    223 224 4 100 210 235 224 255 221 232 1 191 251 63 236 125 228 165
    159 127 189 222 22 64 1 132 9 62 0 92 7 64 95 120 59 255 194 237 160
    192 69 253 129 31 120 67 14 92 4 90 127 4 52 188 131 241 13 46 8 15
    203 159 199 253 227 248 7 144 0 159 240 254 69 104 45 158 252 127
    108 125 228 231 159 255 181 222 18 224 5 255 255 255 31 254 10 98 70
    124 6 115 223 100 224 7 82 255 59 167 68 239 140 202 111 215 15 0 57
    147 240 98 76 0 0 1 249 127 7 248 255 192 133 130 254 219 3 215 120
    30 5 156 249 0 76 127 240 130 16 0 55 222 17 59 30 12 192 112 240
    120 30 5 156 25 251 171 56 44 128 15 66 0 122 111 123 115 143 153
    252 136 127 127 174 163 110 1 14 2 0 0 0 128 199 128 32 127 32 127
    193 87 254 24 89 18 62 135 10 68 115 2 30 127 160 159 233 193 224 30
    4 3 222 142 3 192 3 128 24 63 132 117 255 212 250 8 65 143 253 131 2
    64 235 139 10 247 160 0 5 209 225 215 1 248 16 96 224 118 7 97 223
    248 122 11 250 226 124 224 12 61 0 159 123 116 37 189 128 136 95 127
    180 99 111 224 1 255 24 3 132 252 7 255 159 240 4 98 250 107 0 71
    132 0 10 31 123 120 237 189 248 132 95 255 255 250 6 0 126 239 0 65
    240 254 7 255 159 240 32 71 222 239 240 127 197 254 13 255 123 123
    253 220 236 133 127 127 189 220 23 65 1 7 254 142 1 192 59 64 24 127
    4 119 255 192 34 0 64 7 253 19 2 64 107 131 22 247 224 0 7 209 225
    214 6 7 14 103 223 60 105 128 16 63 7 64 48 22 250 60 89 255 191 135
    13 227 207 141 164 193 161 0 7 30 99 206 129 207 255 255 30 16 24
    112 28 207 7 131 255 192 3 3 200 31 124 39 68 128 205 187 248 154
    103 0 14 161 234 126 193 255 254 28 0 64 241 114 33 240 4 255 0 0 0
    131 141 33 130 145 4 194 19 3 31 126 112 0 3 185 69 216 5 230 13 240
    0 194 119 254 231 240 11 63 255 107 224 255 68 2 14 89 11 126 51 163
    223 121 125 12 24 227 225 0 1 176 120 102 7 63 199 49 223 226 0 95
    240 99 124 252 77 127 175 158 251 124 13 253 216 194 31 0 57 232 229
    64 129 217 255 240 16 0 100 1 48 3 151 111 96 64 15 128 186 94 20 15
    6 249 179 133 255 121 224 3 41 32 249 126 30 63 128 96 224 112 7 201
    159 253 201 139 250 239 248 124 66 2 255 207 59 113 251 157 172 154
    127 63 188 224 102 0 1 249 255 196 3 131 132 0 39 199 6 101 81 227
    31 249 189 199 255 78 6 132 48 100 35 125 144 255 253 0 232 213 1
    128 63 224 16 160 135 96 97 240 6 109 3 155 64 16 24 0 37 155 3 67
    178 76 15 9 224 15 244 30 240 31 15 255 255 248 3 232 152 255 159 15
    158 101 252 2 31 239 242 191 227 163 11 67 251 124 95 121 254 0 3
    106 232 243 65 255 24 3 140 252 7 255 159 240 6 102 250 107 0 71 132
    0 10 31 123 121 239 253 248 132 127 255 255 250 150 0 1 248 27 248
    255 254 7 123 31 192 63 255 252 99 112 252 159 224 63 159 123 63 108
    126 39 184 95 2 42 254 162 133 1 145 255 240 16 248 0 0 23 15 22 107
    239 224 31 128 189 253 4 47 27 109 235 130 94 152 111 1 58 220 235
    248 24 192 0 0 0 62 135 51 191 129 192 64 45 32 0 1 128 64 0 63 123
    127 50 115 223 8 159 63 179 34 103 222 0 0 14 136 1 194 7 3 31 1 132
    126 0 34 0 0 98 128 3 63 27 127 48 127 255 126 255 15 38 154 225 3
    30 31 238 0 0 32 7 241 159 255 132 0 0 99 63 2 73 21 3 158 59 0 51
    157 19 137 95 255 253 208 97 254 30 23 134 64 128 35 7 241 159 255
    134 11 12 99 63 2 105 213 3 158 43 20 16 127 19 9 95 255 250 128 225
    254 5 31 62 113 135 255 199 249 225 254 7 255 148 251 127 130 76 13
    191 158 251 255 76 92 39 152 94 14 56 248 227 242 6 23 62 113 135
    255 231 253 225 254 7 255 212 251 127 130 76 13 255 158 249 255 76
    92 39 152 94 14 56 248 99 242 131 63 255 191 14 0 8 0 30 14 23 104 2
    132 63 233 189 0 210 103 4 192 239 158 216 168 167 1 198 252 243 191
    147 255 255 240 50 1 135 254 231 247 14 79 15 235 111 39 137 85 163
    176 134 128 0 127 0 120 152 128 59 148 233 254 6 3 142 12 1 200 6
    128 31 15 4 120 1 162 0 0 66 0 3 143 26 67 48 103 135 118 191 31 164
    210 227 23 12 4 0 65 197 254 3 200 16 124 104 135 152 111 248 200 77
    255 255 95 123 119 205 131 164 128 135 63 153 193 3 136 31 255 255
