<?xml version="1.0"?>
<opencv_storage>
<desc type_id="opencv-matrix">
  <rows>150</rows>
  <cols>32</cols>
  <dt>u</dt>
  <data>
    29 215 246 12 1 220 135 255 159 7 132 87 128 228 15 131 254 52 4 63
    58 125 251 126 126 246 255 16 61 208 238 251 237 255 255 255 255 254
    25 124 29 248 5 147 254 127 255 255 253 192 10 229 245 139 204 120
    104 134 87 0 27 81 26 15 31 31 244 132 1 207 199 255 231 159 224 101
    144 236 11 1 232 3 148 127 59 127 243 132 39 125 159 16 61 194 237
    218 122 0 192 11 0 119 7 240 103 243 128 147 127 235 0 0 1 0 28 30
    251 28 4 114 248 134 81 255 243 16 7 158 225 255 255 225 253 254 57
    255 223 224 5 154 62 63 135 151 157 112 2 121 253 11 252 220 232 150
    95 0 26 1 30 58 98 192 9 251 252 113 230 185 241 192 121 129 255 91
    0 88 137 252 37 222 247 114 1 131 148 135 114 0 62 213 18 46 126 4 0
    0 224 7 231 254 227 224 248 133 255 251 192 223 68 111 235 216 251
    36 4 10 32 137 152 16 49 40 6 16 225 176 47 249 248 72 57 40 24 240
    251 139 210 223 255 252 61 127 254 209 84 128 205 157 160 248 97 0 4
    237 26 8 30 19 224 96 3 224 30 131 28 7 228 96 0 96 15 32 186 16 18
    31 11 96 77 141 131 120 191 255 237 232 236 254 246 105 128 135 76
    31 4 184 223 193 232 128 30 195 1 127 129 252 101 222 252 160 140
    158 224 129 159 0 58 20 18 46 5 255 255 254 15 255 2 0 103 62 6 124
    124 164 255 255 125 131 146 239 6 255 76 53 135 118 157 0 50 84 225
    213 254 7 128 0 240 7 187 205 232 31 40 171 50 253 248 12 66 127 254
    80 252 190 16 124 96 8 3 255 222 35 18 128 0 192 0 62 2 15 7 176 31
    224 31 255 3 226 0 114 5 248 12 159 252 162 12 140 32 120 31 255 252
    63 130 201 24 0 64 96 241 242 7 223 223 137 255 137 128 109 9 192
    114 128 82 95 59 127 177 189 239 137 127 63 252 174 108 21 126 0 0 0
    224 31 198 143 255 15 249 175 255 237 223 248 34 127 220 94 251 61
    204 251 232 136 94 255 55 231 31 0 6 1 14 127 6 0 6 128 23 254 7 139
    248 2 0 0 2 0 5 143 4 192 11 141 16 139 112 223 224 17 225 87 30 3 0
    64 192 243 247 255 33 199 8 103 3 235 128 1 194 64 138 91 59 127 179
    96 31 9 250 62 55 174 69 140 5 15 29 123 132 255 231 251 231 252 31
    255 193 195 128 7 77 0 239 94 251 255 251 167 252 184 94 0 52 255
    226 129 1 0 80 192 0 120 6 1 24 124 224 11 251 144 8 0 34 129 252 15
    59 121 223 163 248 137 103 63 230 16 110 159 193 216 115 184 0 192 0
    0 28 56 251 119 192 96 9 192 54 125 250 31 2 0 243 10 26 61 97 247
    201 254 236 184 1 192 102 224 0 112 24 0 24 112 196 9 233 0 1 128 50
    128 62 143 27 112 139 163 222 137 103 63 202 0 238 191 1 224 0 0 192
    62 6 55 159 128 32 104 15 108 0 243 132 42 0 191 251 63 12 122 220
    129 31 127 186 33 19 64 254 127 128 7 203 28 121 255 152 252 40 176
    222 125 248 239 199 239 252 112 252 0 77 141 0 198 32 254 216 213 23
    224 1 0 15 240 1 255 199 255 215 220 26 100 128 35 0 0 66 0 1 95 59
    127 113 159 7 121 255 31 61 226 225 1 193 216 127 184 0 192 4 0 31
    56 196 127 192 96 0 192 166 116 243 31 2 0 115 66 26 127 101 247 201
    223 236 184 7 63 28 127 6 125 71 248 227 220 15 255 255 187 248 232
    12 33 107 94 234 152 204 243 248 152 80 0 50 191 226 200 6 67 142 30
    7 232 70 129 19 231 4 120 0 2 2 0 128 0 5 143 10 102 11 141 23 118
    63 159 238 218 225 159 1 132 0 24 0 3 135 249 143 240 128 255 166 35
    48 226 68 104 11 156 224 140 18 120 19 126 92 255 50 185 65 228 0
    128 15 64 144 50 7 245 157 226 7 77 126 249 0 0 51 142 4 31 123 75
    176 92 125 137 247 6 59 56 83 115 1 192 0 0 64 124 6 13 159 0 40 3
    250 237 128 125 134 42 254 111 123 115 237 157 224 136 127 127 188
    98 2 0 31 255 192 78 7 127 7 255 223 225 196 254 254 43 253 255 163
    252 11 254 250 188 76 251 208 134 31 16 55 216 110 105 1 252 16 96
    96 124 6 113 223 248 104 139 250 32 60 226 132 48 0 159 123 112 77
    189 208 138 95 127 180 99 111 232 5 223 223 254 14 176 7 120 63 243
    134 60 241 227 224 7 66 255 139 175 70 153 253 228 248 167 221 0 50
    65 225 120 1 224 0 0 64 62 6 63 159 0 32 65 14 236 0 255 132 42 0
    255 251 127 12 254 248 129 31 127 186 32 19 64 3 61 31 255 14 116 7
    208 231 220 7 255 255 211 120 104 12 63 255 222 202 144 204 115 248
    152 80 2 52 255 226 192 5 143 28 64 0 255 199 249 1 252 4 219 157 3
    96 14 64 0 171 158 251 103 178 0 7 139 114 12 34 186 99 8 1 251 255
    240 63 224 72 0 48 7 150 79 0 64 31 185 190 79 20 167 3 255 179 134
    255 121 231 1 173 160 237 118 255 63 58 1 248 48 56 30 71 14 36 223
    254 100 191 255 253 195 218 97 21 64 19 12 22 131 124 0 26 28 17 133
    65 156 24 1 192 126 7 115 159 248 40 146 127 160 12 130 77 0 1 159
    251 125 207 251 236 134 95 127 182 65 23 248 65 156 24 11 192 126 7
    243 223 120 0 131 255 160 8 130 76 0 1 159 251 31 206 123 236 134 95
    127 55 192 7 248 29 20 34 0 0 226 14 1 222 28 228 127 6 228 15 128
    127 244 4 47 59 75 240 94 111 54 255 63 245 150 229 254 18 3 255 128
    1 234 134 1 223 15 118 69 130 236 15 0 58 7 208 111 59 31 242 124 7
    127 255 63 189 194 233 222 1 128 0 96 1 240 6 1 156 0 214 106 11 60
    0 192 54 224 0 143 59 114 97 155 131 136 127 63 246 254 229 105 30
    253 192 6 7 191 7 255 223 225 132 126 190 111 253 255 167 248 2 254
    250 128 76 251 224 198 158 0 63 248 230 105 0 192 47 244 3 227 4 0
    15 193 198 105 94 227 3 240 186 62 255 143 3 2 52 28 35 121 176 255
    248 26 224 10 2 65 206 14 7 232 70 129 147 199 132 120 0 2 2 0 128 0
    5 159 10 96 11 141 23 118 63 159 238 90 225 207 18 64 198 192 0 138
    198 177 199 195 192 110 0 2 3 1 162 0 5 159 59 127 243 159 7 104 191
    63 173 146 235 199 98 208 35 195 252 112 198 25 177 192 245 192 127
    219 15 248 189 255 101 94 181 120 251 227 220 129 114 0 39 92 18 118
    141 62 24 15 130 31 135 239 238 124 11 240 67 237 248 236 77 40 188
    156 252 191 220 116 232 103 159 255 61 28 19 160 25 144 0 96 224 120
    7 1 220 240 123 138 10 19 252 224 62 189 163 159 123 115 49 159 132
    152 127 63 164 162 111 241 0 128 7 112 1 224 6 0 15 192 150 105 20
    227 1 112 123 250 239 135 11 3 178 12 39 57 224 255 232 30 225 14
    254 0 0 0 240 31 7 159 223 15 248 64 190 103 220 120 130 104 202 94
    251 29 236 121 232 129 159 127 63 226 31 0 24 0 0 0 1 254 7 177 31
    227 0 0 36 0 0 0 0 0 0 159 59 127 148 248 255 89 63 63 163 0 231 250
    129 253 27 63 2 1 198 112 3 240 31 127 255 224 32 194 158 169 255
    156 132 128 0 1 1 73 144 0 42 46 144 225 193 249 127 255 255 252 4
    24 23 134 23 80 31 227 31 249 188 15 203 111 20 195 77 131 165 135
    61 0 54 90 218 209 179 255 255 244 50 1 132 255 239 231 134 78 30
    235 63 183 163 149 35 176 134 128 16 126 0 120 24 128 59 20 232 255
    224 48 62 67 252 48 40 30 3 143 5 129 255 239 159 249 189 255 67 99
    21 64 51 129 22 135 97 0 26 28 18 81 2 192 0 52 3 191 198 0 231 193
    232 109 144 43 0 16 130 0 1 31 123 127 4 29 7 105 159 63 61 222 226
    3 193 241 127 239 191 254 4 26 31 131 23 80 31 227 15 249 188 15 107
    95 28 195 12 155 229 134 53 0 22 122 210 112 19 255 255 240 49 126
    134 125 159 225 192 139 2 235 253 255 132 32 30 239 123 127 2 30 23
    138 95 127 188 1 106 0 1 248 31 251 157 254 7 120 15 192 7 90 0 35
    28 255 134 41 235 159 247 2 108 15 4 158 125 6 44 250 210 192 1 238
    63 159 15 230 6 1 31 240 23 100 240 35 99 255 221 0 3 142 4 128 108
    248 241 100 159 239 251 254 209 6 3 127 255 250 15 224 196 81 227
    159 6 97 255 219 63 169 188 7 229 79 3 253 251 243 223 185 126 0 54
    106 233 209 25 254 242 192 1 248 87 255 255 240 244 79 255 251 227
    247 250 90 111 159 59 123 241 253 239 171 255 16 63 16 236 6 13 255
    254 0 0 31 7 252 231 248 6 127 255 219 112 103 70 1 45 152 250 3 220
    220 96 133 176 12 55 56 227 197 1 224 62 127 159 124 6 48 31 194 7
    176 254 34 0 119 221 128 131 143 117 128 77 158 16 132 127 1 42 93
    83 5 30 0 0 240 240 120 30 3 28 0 249 139 186 98 128 95 194 224 122
    111 123 123 219 153 252 136 127 127 174 167 46 9 0 192 127 244 3 225
    6 0 95 195 134 109 86 235 7 248 184 30 127 79 3 3 52 92 35 121 176
