<?xml version="1.0"?>
<opencv_storage>
<desc type_id="opencv-matrix">
  <rows>150</rows>
  <cols>32</cols>
  <dt>u</dt>
  <data>
    1 249 63 62 3 207 199 249 227 240 22 103 128 235 99 24 62 0 62 159
    10 255 112 100 103 125 190 0 57 222 224 31 0 192 12 6 7 163 199 241
    233 240 4 117 199 27 100 240 13 228 47 159 10 127 243 114 239 103
    191 2 33 156 225 49 1 241 255 240 63 248 6 61 223 227 223 107 250
    251 199 248 186 223 12 223 27 115 251 191 255 153 127 2 62 33 249 71
    191 255 224 22 4 31 255 255 255 240 248 124 248 91 253 255 190 123
    158 188 250 188 77 241 216 128 158 0 62 87 239 200 113 248 0 3 205
    254 7 255 159 192 4 64 218 235 132 255 141 224 3 127 251 127 236 61
    164 133 255 127 189 86 22 1 65 248 0 3 205 255 7 255 159 192 4 64
    216 235 132 247 157 160 1 127 251 119 236 61 164 133 191 127 189 86
    22 1 30 0 1 224 1 206 7 129 159 31 248 111 254 224 0 0 66 208 0 31
    123 127 242 126 255 121 159 63 191 34 233 238 217 255 120 224 96 7
    247 255 255 240 56 96 56 123 125 231 221 127 171 156 234 184 109 253
    248 189 94 0 58 97 175 248 4 6 14 248 7 248 7 192 64 125 128 190 32
    20 60 128 64 1 241 159 11 67 243 76 31 58 97 31 198 225 225 213 4 0
    12 120 7 248 7 192 64 125 128 190 160 16 56 128 64 1 241 159 27 71
    243 76 31 186 97 31 198 233 225 149 1 128 31 231 255 255 135 96 103
    248 59 128 53 226 0 192 93 96 1 159 117 255 156 96 111 128 159 7 50
    6 50 248 126 0 0 11 232 124 247 255 159 247 232 130 224 107 0 0 64
    32 30 31 251 127 207 220 220 134 127 127 255 67 22 48 1 128 27 193
    255 191 135 64 103 248 122 0 55 226 0 192 92 125 4 159 119 15 156
    120 103 129 157 6 50 6 59 248 242 192 0 15 204 63 247 190 227 224
    215 211 0 123 71 255 189 252 43 152 252 127 147 98 252 135 120 0 24
    28 23 47 0 0 0 0 192 31 199 254 231 192 249 175 255 251 0 1 66 107
    76 94 248 29 206 127 156 152 92 255 119 167 18 68 242 192 0 11 200
    123 247 255 227 224 247 155 0 107 67 255 189 252 35 152 252 127 178
    98 124 135 120 0 24 156 23 46 30 6 0 96 0 120 79 191 223 7 248 97
    248 20 3 23 99 208 4 111 59 115 179 157 222 137 127 63 248 32 230 63
    126 0 0 0 224 112 6 137 159 128 59 131 194 239 192 29 88 0 4 239 123
    125 243 157 232 137 95 127 189 134 6 31 1 132 15 248 221 240 247 255
    248 112 127 122 112 61 241 226 127 249 99 31 27 127 179 241 223 152
    111 0 18 30 176 197 16 0 192 224 1 136 7 129 158 63 248 79 254 32 0
    0 2 7 192 31 59 123 221 157 249 121 191 63 167 34 239 247 0 128 127
    240 2 0 6 0 103 35 244 109 42 36 7 0 56 29 154 158 3 128 11 59 26
    105 141 255 254 30 233 243 63 255 240 224 37 127 255 255 217 240 104
    64 112 59 253 255 205 127 171 184 251 60 12 189 240 137 30 0 58 104
    239 216 62 63 128 0 192 7 155 221 204 159 41 142 38 255 252 61 68 43
    255 100 225 12 0 92 88 138 90 255 250 225 16 0 62 3 128 128 0 18 7
    152 63 199 96 63 255 163 194 63 114 126 235 79 251 29 176 112 248
    131 95 0 50 33 19 14 31 63 231 240 32 126 15 201 156 157 218 58 122
    227 249 31 98 2 255 111 123 127 157 157 236 152 95 127 174 33 238 3
    254 123 192 0 0 0 160 128 97 231 240 64 32 155 124 255 178 253 127
    141 250 244 11 55 28 130 3 0 6 22 238 233 30 63 247 96 161 254 31
    251 156 127 207 106 114 195 251 111 98 1 255 239 123 123 253 157 224
    152 127 63 172 40 238 131 1 232 0 0 0 30 6 31 159 0 32 127 252 239
    192 255 132 10 4 111 123 61 255 189 168 129 223 127 185 224 19 64 1
    232 0 0 64 30 6 31 159 0 32 127 252 239 192 255 132 42 4 111 123 61
    255 189 168 129 223 127 185 224 19 64 141 14 24 4 0 7 151 255 207
    252 58 64 54 239 224 7 88 11 255 184 228 142 20 124 96 65 158 255
    122 34 147 135 62 55 128 7 0 7 255 255 238 15 0 128 4 255 254 63 193
    15 254 112 232 12 4 124 96 103 156 248 123 129 68 118 0 128 64 0 0
    216 7 63 159 3 196 127 254 108 0 1 162 128 0 63 123 127 243 253 236
    191 255 63 57 22 230 63 141 255 255 255 15 224 72 96 22 124 5 183 6
    100 255 255 93 255 181 166 4 128 223 138 106 134 12 0 59 145 233 250
    255 255 224 252 39 104 56 120 16 241 248 7 71 235 253 255 182 127
    255 225 11 195 1 134 7 88 33 0 13 22 237 232 30 55 240 96 224 248 31
    239 220 127 135 235 218 28 255 38 122 147 130 175 59 115 253 159 164
    137 127 63 164 222 111 207 30 0 128 96 225 242 6 0 103 199 193 137
    63 235 3 0 128 0 12 15 59 127 178 94 39 137 125 63 186 129 100 190
    129 200 94 6 2 31 134 49 159 192 132 100 192 96 0 64 130 0 3 158 252
    190 12 126 112 101 159 255 249 218 210 1 64 192 8 0 192 124 14 1 159
    128 8 34 90 237 0 125 132 10 252 111 123 113 239 157 164 136 127 127
    188 99 18 1 6 251 254 254 6 30 6 160 31 231 4 119 255 162 103 54 136
    0 3 143 74 159 220 112 252 135 127 31 161 16 227 202 4 6 14 26 1 248
    7 254 127 206 4 127 255 235 128 7 195 128 30 95 59 1 255 253 232 191
    253 14 57 88 226 63 1 224 0 0 0 16 6 63 159 0 32 127 252 239 192 255
    132 42 4 127 123 125 251 157 168 137 223 255 185 232 227 64 6 6 14
    24 0 252 199 255 255 198 4 127 255 235 128 31 193 128 30 95 251 127
    255 124 236 191 254 12 57 80 226 63 225 192 0 7 11 31 71 255 255 224
    196 0 222 251 1 130 182 128 15 158 252 179 204 191 160 197 159 255
    61 210 23 53 14 64 0 240 1 255 199 255 231 195 224 1 127 227 0 3 194
    0 14 94 251 127 240 114 255 121 223 30 63 1 226 63 62 255 0 7 2 7
    183 255 143 240 4 68 135 235 241 255 221 200 15 248 232 158 4 114 97
    101 158 254 217 208 131 5 249 255 113 128 241 254 56 109 24 120 120
    33 192 31 255 255 221 127 251 165 123 127 12 187 133 85 3 0 0 229 31
    204 6 248 34 64 196 0 6 184 31 192 52 0 2 227 255 255 189 111 171
    223 11 128 20 126 96 129 29 255 245 16 97 192 1 249 127 224 31 254 7
    112 103 226 4 31 255 227 63 226 141 1 1 159 119 127 253 224 233 163
    159 7 49 145 241 238 255 255 240 96 100 66 0 252 103 240 120 32 31
    251 253 255 157 111 143 145 75 128 48 127 32 156 81 0 30 225 173 212
    0 192 0 96 192 124 6 5 159 130 8 34 26 237 128 125 132 42 254 111
    123 113 239 157 172 152 127 127 188 99 98 1 1 128 63 251 223 254 30
    1 28 12 23 168 88 98 8 8 28 96 0 175 127 255 237 157 224 185 95 0 40
    107 242 120 46 15 140 0 128 3 231 255 231 254 11 40 39 235 112 15 66
    63 26 176 228 156 2 114 24 72 24 254 122 35 17 193 7 63 63 31 5 224
    8 64 28 60 6 114 2 36 60 194 92 5 18 175 2 64 241 136 107 148 103
    143 239 208 224 240 3 249 143 240 16 112 6 59 31 192 26 106 34 35 20
    255 140 63 3 95 59 116 3 159 30 152 127 15 62 43 225 224 249 255 121
    113 252 243 255 255 225 248 31 136 0 27 255 255 221 64 43 144 249
    127 243 3 31 153 122 0 38 236 158 60 1 253 24 0 0 29 199 254 231 248
    0 64 54 105 112 254 12 41 26 159 251 127 251 220 236 136 124 127 59
    2 131 192 14 15 140 240 0 64 7 254 31 255 0 126 40 107 250 0 64 1
    254 159 27 112 203 159 222 122 127 63 222 161 227 215 14 7 156 248 0
    192 7 254 31 255 0 159 232 227 240 12 64 11 254 159 27 112 107 159
    158 250 127 255 223 224 226 135 12 6 14 0 0 198 87 255 223 253 132
    127 254 235 248 135 114 253 255 31 123 125 251 189 238 183 223 28 61
    16 225 184 254 127 192 0 32 0 24 160 56 247 240 64 227 147 112 127
    178 191 63 141 234 188 11 35 152 130 131 0 6 86 239 227 1 255 254 0
    0 0 7 253 223 240 4 127 255 219 127 254 61 45 189 158 59 0 3 191 128
    65 156 14 54 28 225 240 30 63 128 0 0 16 7 255 159 223 96 79 240 99
    254 63 73 242 251 95 251 112 219 157 156 139 127 127 61 22 231 30 30
    31 140 62 1 254 199 223 31 143 0 63 244 35 220 29 196 39 131 111 250
    127 255 64 108 191 255 8 49 225 227 16 14 79 142 128 0 0 14 161 159
    243 132 44 0 2 3 3 73 213 163 175 59 0 3 63 144 9 159 255 229 209 97
    254 6 15 142 128 0 0 7 193 29 255 132 8 0 2 11 0 8 7 191 159 59 0 35
    157 144 25 127 63 172 209 225 247 14 6 12 224 144 1 231 255 227 248
    201 130 33 235 248 207 66 60 2 176 131 4 3 99 26 136 88 252 122 163
    80 224 1 199 31 123 143 254 71 253 17 242 15 255 219 251 224 30 77
    224 254 159 123 127 253 133 229 186 119 14 60 221 226 0 30 7 132 120
