<?xml version="1.0"?>
<opencv_storage>
<desc type_id="opencv-matrix">
  <rows>150</rows>
  <cols>32</cols>
  <dt>u</dt>
  <data>
    193 224 99 61 160 200 4 0 95 224 223 135 251 0 33 224 189 253 1 159
    24 3 100 121 164 122 103 3 53 212 199 225 193 224 115 120 224 192 4
    0 93 224 159 143 254 18 49 224 61 205 2 159 25 211 245 187 160 122
    103 0 37 193 199 229 1 128 61 97 223 62 7 64 31 252 11 223 228 2 0 0
    77 64 43 159 73 158 0 126 23 131 31 7 33 188 66 156 30 127 192 14 7
    127 7 255 255 225 196 246 255 239 253 255 163 252 11 254 250 152 76
    123 248 198 31 0 63 216 102 97 7 255 255 254 15 255 134 0 103 62 4
    124 124 38 255 255 253 1 130 111 2 247 76 63 7 118 157 0 56 92 225
    149 7 255 255 254 15 255 6 0 119 28 134 126 0 166 191 231 189 255
    138 111 6 251 180 245 227 118 159 0 55 156 233 213 1 193 126 136 16
    222 7 112 63 226 4 28 3 227 3 0 141 0 11 159 123 31 240 114 239 54
    223 7 61 209 115 206 30 19 224 96 3 200 6 131 30 7 200 99 148 224 15
    0 8 16 0 63 11 96 77 140 0 248 127 255 233 226 237 250 3 253 142 56
    0 78 7 251 191 224 135 226 248 226 5 195 141 103 229 190 248 188 237
    245 248 252 95 0 63 121 227 148 30 0 192 64 128 246 7 240 103 199
    128 155 127 235 3 0 128 0 12 30 123 9 252 114 232 150 93 255 250 17
    69 190 128 193 29 251 222 127 199 241 241 194 9 146 240 89 64 24 129
    240 189 159 244 254 12 185 148 134 87 0 60 213 83 13 25 255 240 248
    37 224 56 120 24 249 240 26 236 27 253 255 246 127 251 199 11 96 115
    154 219 158 99 0 10 215 237 224 127 255 48 4 65 254 24 255 28 248
    120 124 142 27 124 255 222 127 251 175 123 127 237 159 224 230 135
    16 4 198 175 224 25 255 241 224 32 224 57 126 24 206 120 122 172 27
    124 255 254 127 251 211 11 96 115 155 219 62 99 0 10 198 237 224 25
    252 240 54 3 62 57 255 152 240 224 31 248 91 253 255 254 96 30 223
    123 114 13 157 160 202 23 0 8 66 238 168 30 67 224 96 1 232 22 135
    158 39 214 110 192 36 131 0 179 220 0 63 59 115 15 157 151 120 191
    63 237 224 236 255 30 253 132 31 134 30 7 255 159 224 135 126 127
    107 245 255 173 48 3 126 248 184 205 251 248 198 31 0 62 81 195 233
    7 15 222 126 7 254 26 1 156 63 132 147 224 20 184 0 66 0 0 15 122
    251 77 157 245 151 103 31 172 209 226 255 1 192 92 24 0 192 103 243
    247 242 0 127 240 2 96 16 1 227 191 159 10 112 243 157 142 127 255 0
    36 220 225 13 1 224 0 3 204 124 6 13 159 0 41 128 114 237 128 253
    134 42 254 111 251 121 205 157 232 128 95 127 62 66 18 0 201 254 120
    195 252 163 231 106 39 120 96 224 15 230 241 198 76 13 251 32 133
    128 48 2 33 4 200 0 49 62 60 160 2 195 254 128 0 0 6 32 31 231 132
    71 199 226 6 3 128 0 3 15 122 137 220 240 232 131 191 127 165 144
    227 95 243 249 247 231 255 191 132 48 15 192 250 0 63 98 5 227 164
    100 30 46 239 191 12 96 101 67 159 67 59 6 238 248 28 0 0 96 224 250
    7 129 221 249 247 137 242 127 161 192 114 160 92 95 123 127 179 189
    255 153 127 63 188 62 110 161 62 0 128 6 0 31 199 255 223 143 192
    124 119 237 0 0 66 211 212 94 250 63 204 252 232 193 158 255 62 0
    194 222 205 132 34 15 200 159 215 255 239 240 23 144 31 255 231 247
    125 130 12 56 252 157 236 125 224 166 222 255 126 88 22 7 1 224 120
    64 241 127 7 255 159 0 40 65 238 236 192 255 132 10 4 127 123 31 4
    126 93 129 31 255 185 2 111 64 204 128 32 11 248 159 215 255 255 224
    117 144 95 255 231 247 125 226 76 28 252 157 236 127 232 166 222 255
    52 93 22 13 1 224 0 16 0 6 6 1 159 112 8 63 254 224 32 96 4 9 0 143
    123 61 146 124 124 73 159 63 186 33 227 224 34 80 34 227 220 112 198
    145 241 192 117 129 255 219 15 217 189 254 69 94 253 252 75 139 156
    133 122 0 53 92 18 122 30 6 0 97 192 124 27 255 220 248 33 130 122
    25 64 15 67 240 5 175 251 112 207 191 248 154 95 8 7 81 3 15 1 192 0
    96 192 124 6 5 159 0 8 131 242 237 128 125 134 42 252 111 123 115
    237 157 224 136 127 127 188 98 98 1 1 224 0 48 0 128 6 1 159 112 8
    191 246 160 32 96 0 11 1 143 123 29 242 124 252 122 223 127 178 161
    227 192 1 252 63 240 7 248 7 248 31 224 7 128 22 227 252 255 141 43
    58 223 11 130 4 140 1 24 127 15 62 192 224 64 13 255 255 128 0 62 7
    252 207 254 6 79 119 235 255 15 127 213 188 159 123 63 48 124 103
    136 95 0 62 30 227 255 25 255 240 106 7 246 31 255 29 240 96 120 16
    107 129 199 141 71 132 31 107 249 253 141 224 182 223 0 10 97 237 84
    30 102 0 0 1 131 23 255 159 112 96 95 198 237 247 247 125 253 0 124
    59 0 52 92 35 123 158 28 61 148 228 239 73 4 35 0 128 8 26 1 156 28
    214 79 218 132 13 128 127 228 4 47 123 96 77 159 160 235 175 127 229
    212 150 253 6 12 4 108 3 199 199 247 239 60 128 56 14 44 0 0 67 176
    2 62 138 143 116 122 99 126 156 159 58 209 224 249 249 255 251 235
    255 227 232 0 224 60 127 144 120 20 127 252 189 255 181 160 3 100 3
    13 23 22 64 0 34 101 29 148 1 200 68 192 0 124 6 19 223 128 224 91
    254 16 0 0 162 128 1 31 123 120 205 191 248 130 95 63 166 86 110 191
    187 249 128 100 246 14 148 255 13 224 232 192 63 233 96 247 131 226
    60 152 228 140 78 122 24 193 151 0 26 92 111 5 17 252 80 96 224 124
    6 113 159 248 224 138 202 34 124 226 182 60 0 159 123 112 79 191 144
    136 127 63 180 227 111 224 6 63 15 249 220 243 231 193 0 254 63 1
    161 255 252 232 95 255 254 154 3 239 115 4 31 59 96 0 47 196 225 241
    251 127 178 13 251 239 248 7 198 14 119 128 0 20 191 253 189 255 148
    100 245 126 4 31 7 126 158 0 45 213 29 213 1 251 255 248 55 224 72 0
    48 15 23 79 128 128 31 185 188 23 69 103 3 251 243 134 255 123 227 1
    229 146 236 254 249 255 240 0 241 224 152 71 158 60 112 127 254 228
    255 255 253 208 245 224 19 0 114 124 27 121 174 0 57 92 29 142 25
    255 250 8 1 226 23 255 159 39 4 127 158 228 63 35 191 188 0 63 59 1
    244 28 35 126 223 0 53 208 237 251 1 188 47 99 143 124 6 73 159 56 6
    127 224 99 249 220 12 63 239 223 107 252 207 189 248 134 95 3 45 155
    227 64 1 15 24 64 192 120 7 65 156 124 40 155 238 0 8 0 76 0 3 159
    123 121 253 187 248 138 127 63 164 129 103 248 1 192 127 240 32 240
    22 9 156 0 62 74 186 103 128 192 182 128 4 95 59 112 101 159 129 152
    127 63 174 214 236 121 0 0 15 242 4 112 103 160 32 243 134 107 224
    224 96 0 66 1 4 159 27 96 251 134 94 136 97 31 202 26 227 197 249
    255 255 65 252 48 56 30 103 2 23 131 254 109 191 247 253 199 194 97
    21 64 251 139 30 129 108 0 24 21 29 213 1 224 127 244 119 239 6 0 15
    112 119 124 1 226 99 240 62 250 239 159 11 95 52 102 39 121 167 0 44
    161 237 14 1 128 47 190 27 255 135 96 47 112 119 44 1 226 113 224
    126 235 255 159 19 127 48 102 39 121 175 0 36 1 177 132 16 0 64 96
    97 248 6 27 159 129 248 15 250 227 135 217 163 254 74 127 59 120 235
    191 222 152 127 63 191 196 238 115 5 15 61 225 217 240 57 192 16 126
    27 128 254 128 40 0 76 23 129 7 19 97 251 141 38 185 227 175 193 70
    81 250 2 224 238 140 2 0 132 0 7 227 196 116 64 99 67 112 178 127 11
    147 2 131 146 64 31 118 176 143 253 18 224 106 0 192 14 127 7 255
    199 249 167 224 135 248 0 3 65 144 12 30 47 158 202 191 236 100 111
    118 220 14 40 217 224 114 65 224 0 0 0 18 135 247 159 0 26 47 254
    236 0 115 132 11 0 191 251 60 179 126 92 137 95 127 58 161 147 64 0
    33 62 6 3 14 6 0 103 63 4 120 115 35 254 120 63 255 235 207 122 127
    154 97 47 101 143 0 62 28 192 231 17 248 64 96 240 124 7 127 223 240
    193 138 138 34 124 246 166 63 1 159 123 112 79 191 144 136 95 63 190
    226 111 192 126 127 128 0 240 112 7 237 159 253 224 131 250 239 240
    95 65 160 28 207 123 112 107 157 152 150 127 127 189 214 30 1 0 0 8
    4 1 8 6 0 7 194 36 68 141 227 0 0 92 63 3 143 26 0 12 2 17 102 177
    255 235 210 1 98 25 247 242 0 1 194 23 255 159 39 100 95 250 228 55
    99 255 248 0 63 59 0 116 157 33 126 159 0 53 208 236 235 13 174 8 15
    131 159 135 249 237 248 7 208 1 155 240 254 68 40 45 158 252 63 204
    118 236 231 159 255 53 222 18 96 30 6 0 0 1 131 135 238 207 127 224
    109 0 237 240 60 67 251 62 222 59 6 48 92 3 121 159 28 57 150 229
