<?xml version="1.0"?>
<opencv_storage>
<desc type_id="opencv-matrix">
  <rows>150</rows>
  <cols>32</cols>
  <dt>u</dt>
  <data>
    5 6 14 8 0 64 7 248 95 248 4 127 208 99 0 2 77 0 11 159 59 0 251 189
    168 254 125 191 252 209 193 253 1 255 127 255 15 252 7 254 31 240 7
    251 208 99 1 199 205 0 11 159 11 67 252 156 225 188 127 15 156 221
    225 162 1 255 254 190 7 252 23 255 31 248 4 255 208 99 249 199 205
    65 30 159 27 99 237 140 225 252 127 4 28 249 235 252 6 0 14 62 1 248
    7 248 95 194 4 127 208 107 0 17 193 0 11 31 26 67 253 189 225 188
    125 31 253 216 226 3 4 4 14 0 0 0 7 248 95 248 4 127 208 99 0 2 86 0
    11 159 58 64 243 157 0 190 125 127 253 209 195 125 1 253 255 190 1
    252 87 125 157 240 132 63 246 63 255 254 61 97 43 159 59 111 251 156
    46 190 255 0 60 209 235 220 5 159 127 192 0 48 7 255 159 252 6 64
    160 99 255 135 93 213 11 159 59 64 75 157 216 137 126 14 62 208 225
    254 163 255 63 63 222 192 56 31 156 0 31 255 130 236 255 255 189 171
    252 99 4 192 243 157 3 58 110 0 20 255 144 193 1 128 30 62 7 248 7
    248 95 192 7 254 208 107 0 17 205 0 11 31 26 67 253 157 229 190 127
    31 252 216 226 2 1 31 255 224 0 0 7 249 223 223 134 111 255 227 127
    12 123 135 253 158 139 128 223 253 232 233 158 4 61 24 225 159 1 188
    127 228 2 8 7 120 79 248 6 97 250 99 63 192 29 213 235 31 78 132 10
    61 20 73 189 6 61 84 226 255 193 248 255 180 18 8 0 0 31 0 151 127
    254 226 7 240 191 255 131 175 4 192 203 141 28 249 175 0 40 94 251
    193 1 142 30 224 0 120 7 255 31 252 0 96 2 99 48 2 69 1 11 159 59 0
    79 30 16 137 127 14 62 86 227 193 1 223 30 112 0 125 135 254 207 252
    6 106 138 235 12 130 77 112 12 158 251 0 76 31 16 136 92 4 62 220
    226 184 1 255 126 126 7 248 7 254 31 248 5 255 208 99 105 199 205 1
    30 159 27 67 237 157 225 248 127 6 60 249 225 252 6 31 255 224 0 16
    7 240 31 255 132 64 0 96 63 7 115 197 186 143 27 96 11 142 30 137 55
    31 238 150 227 255 5 255 28 112 0 117 135 254 79 248 6 106 6 235 124
    230 77 60 14 156 251 0 76 94 0 136 92 0 58 220 227 248 1 252 63 60 2
    4 71 112 39 248 7 64 0 227 113 230 29 252 45 159 204 244 11 135 4
    121 159 6 42 156 195 172 1 254 28 112 0 112 7 248 7 248 6 106 1 227
    252 230 77 63 47 158 155 0 78 6 0 152 112 0 62 220 225 240 6 31 238
    0 0 0 7 248 31 255 132 66 8 99 63 128 122 17 11 159 123 0 19 159 0
    136 127 63 184 16 226 254 6 31 239 192 0 0 7 224 31 255 132 79 250
    227 123 2 114 1 251 159 27 64 3 157 22 9 103 31 253 18 224 254 1 248
    127 240 31 32 0 0 31 0 254 127 238 34 5 240 189 255 131 47 7 64 5
    138 83 8 175 1 46 62 249 96 6 31 255 224 0 48 3 208 31 223 132 64 0
    32 63 7 115 149 18 175 27 96 51 143 30 136 127 31 232 22 225 255 1
    137 31 254 7 254 7 255 159 140 7 127 208 99 128 0 141 0 10 95 11 115
    253 157 225 190 127 15 61 216 224 0 5 23 254 0 0 32 7 248 95 255 6
    95 224 107 126 0 73 5 58 159 59 0 35 157 16 130 188 191 253 208 192
    255 1 240 127 139 12 252 7 49 159 227 132 127 240 99 103 240 190 127
    191 159 123 121 239 157 252 135 127 2 59 209 227 66 2 19 254 192 0
    56 7 248 31 247 132 72 8 99 111 32 40 21 11 159 27 64 15 159 128 136
    61 63 252 208 227 250 6 7 238 192 0 16 7 224 31 255 132 127 251 227
    107 2 64 0 122 159 27 64 3 141 6 138 55 31 189 18 226 251 1 159 255
    192 0 0 7 251 31 255 4 72 184 99 63 7 127 213 11 159 27 64 5 157 144
    137 191 14 62 208 226 255 14 7 56 16 0 30 7 225 223 127 4 106 58 189
    175 0 76 0 225 31 250 116 13 191 144 136 95 63 54 88 195 190 1 192
    127 120 7 126 6 1 159 0 7 7 210 228 0 240 159 254 2 111 251 63 76
    157 160 153 95 255 189 208 226 33 6 31 156 16 0 0 7 248 31 255 4 64
    0 99 60 0 64 0 10 159 59 64 5 157 160 136 127 63 190 82 227 240 1 48
    47 6 2 12 7 243 159 220 6 100 66 98 125 252 92 63 3 159 106 144 77
    189 240 96 159 15 61 88 227 208 1 255 127 240 20 16 7 120 31 252 6
    64 0 99 127 134 157 229 171 159 75 224 139 143 12 137 63 6 60 144
    227 253 14 14 0 0 128 112 31 255 156 60 22 10 250 111 248 78 94 64 4
    127 59 96 239 159 160 154 127 28 62 192 130 140 13 6 0 96 64 240 23
    255 222 124 54 26 190 111 248 198 94 64 69 95 59 80 237 191 232 154
    127 12 62 192 226 140 6 0 14 65 133 248 0 0 31 128 7 127 184 34 0 29
    135 252 1 167 27 65 251 137 15 132 229 31 203 222 193 41 5 31 254 18
    0 16 7 240 31 255 6 95 240 99 58 0 64 5 58 159 58 66 35 13 20 130
    125 127 252 208 195 255 1 188 24 6 0 0 7 240 255 248 4 120 0 3 124
    194 77 237 171 158 136 128 140 123 232 99 184 6 36 28 195 240 1 232
    63 120 4 126 6 63 159 0 7 7 210 228 0 208 157 248 2 127 251 63 76
    157 160 154 95 255 253 208 226 68 127 63 246 0 33 255 255 255 222 31
    196 122 139 253 255 13 122 95 252 120 251 115 76 191 161 148 94 0 60
    216 238 54 1 128 127 192 0 0 23 127 30 56 118 127 0 47 241 224 126
    192 195 95 27 71 179 10 30 56 255 0 56 0 235 174 1 224 126 203 28
    252 7 57 223 224 132 23 248 99 71 242 191 255 129 159 123 120 239
    189 248 150 127 2 59 208 99 78 1 192 63 252 31 120 7 112 23 240 7
    127 25 226 32 192 13 0 1 159 7 195 143 135 135 94 125 2 58 157 243
    200 1 236 15 242 4 24 7 224 95 240 6 107 130 227 112 126 71 192 15
    159 90 246 11 159 132 137 119 15 52 215 227 196 1 232 126 63 7 127 6
    31 223 0 7 127 146 236 0 192 157 250 0 127 251 63 76 156 96 152 95
    255 189 221 226 5 13 63 60 0 0 0 7 255 223 252 4 106 3 235 252 226
    76 1 61 159 11 96 3 159 151 88 63 28 52 216 97 224 1 252 58 4 0 7 7
    255 223 240 4 100 146 239 224 247 156 120 28 30 250 62 4 92 32 65
    159 255 253 222 226 0 6 124 175 240 0 224 7 240 19 248 214 106 42 2
    127 254 127 253 1 155 27 64 51 139 159 136 112 255 230 22 225 238 2
    241 254 224 0 112 6 59 31 195 196 64 128 99 135 189 187 242 203 95
    59 0 12 158 16 136 95 31 60 214 232 31 5 62 62 4 3 128 7 241 223 252
    4 116 2 227 127 226 76 63 191 159 10 240 179 191 223 100 191 12 63
    32 225 194 1 244 127 138 1 248 7 121 31 240 132 127 222 235 255 254
    124 127 251 159 59 71 243 30 15 182 255 6 60 209 227 232 1 236 30 4
    0 7 7 255 223 224 6 103 146 109 128 247 221 248 2 62 248 48 76 157
    160 224 159 255 253 222 194 1 18 97 132 60 3 204 6 26 31 3 129 255
    223 227 214 125 129 254 26 239 10 0 12 0 33 126 29 0 56 253 225 34 6
    15 254 128 0 0 7 248 31 255 4 127 208 107 122 0 72 5 58 159 59 0 251
    157 160 190 125 63 252 209 224 255 1 192 10 16 0 48 7 248 31 224 6
    66 2 99 0 114 63 200 11 159 123 0 13 158 16 136 31 63 190 150 227 69
    1 255 126 62 1 248 7 255 31 254 4 127 208 107 255 135 221 5 250 95
    59 67 109 157 224 188 127 30 60 217 226 254 0 129 92 127 7 92 7 30
    31 135 15 255 255 227 210 60 128 126 26 222 248 128 76 2 0 218 92 0
    56 255 227 10 1 192 63 60 1 254 6 7 159 0 6 126 146 236 0 80 157 232
    0 111 251 63 76 156 224 218 95 255 188 220 226 1 7 252 239 240 0 224
    7 240 19 241 214 107 43 2 127 231 126 253 35 159 27 64 51 139 159
    136 112 255 230 22 225 250 1 192 63 248 31 120 7 112 23 240 7 255 25
    226 0 192 13 0 1 159 7 195 13 133 135 94 125 2 58 156 243 73 1 192 0
    16 0 48 7 248 31 224 6 64 0 99 0 82 191 200 11 159 123 64 13 157 0
    136 127 63 62 150 227 69 1 128 8 112 197 252 7 254 223 192 9 227 190
    107 16 248 5 171 138 94 251 0 108 63 128 152 92 6 63 237 99 193 5 23
    254 2 0 56 7 224 15 255 4 67 0 227 63 128 77 5 14 159 59 66 3 15 23
    129 125 63 254 152 99 255 5 31 254 64 0 48 7 248 31 253 132 66 0 99
    127 130 115 245 11 159 59 64 15 159 0 128 63 63 188 20 226 255 12 6
    8 112 0 112 23 255 221 252 4 26 254 61 248 66 86 233 243 31 59 64
    237 159 160 154 127 12 62 192 226 196 5 60 239 240 4 224 7 240 19
    248 150 106 104 2 127 238 127 253 138 147 11 64 51 143 159 152 112
    191 230 28 225 253 17 224 64 128 1 254 30 19 31 1 224 104 94 34 16
    113 128 8 3 175 59 107 237 158 229 169 191 63 168 96 239 225 62 63
    155 224 255 127 251 255 255 31 116 64 202 255 254 255 254 239 252
    112 251 22 12 63 161 128 30 8 28 232 42 17 30 31 204 14 4 24 7 250
