<?xml version="1.0"?>
<opencv_storage>
<desc type_id="opencv-matrix">
  <rows>150</rows>
  <cols>32</cols>
  <dt>u</dt>
  <data>
    6 0 0 4 0 31 7 129 159 8 0 127 210 226 0 192 69 224 2 15 248 191 12
    157 224 197 31 255 244 193 66 168 255 127 240 0 0 0 56 224 24 127 4
    175 243 22 254 254 77 207 251 161 56 64 203 137 152 137 161 0 5 233
    7 5 30 127 205 250 5 127 119 255 241 255 138 67 127 219 120 127 64 0
    189 159 251 127 157 243 253 136 127 0 54 32 227 32 1 255 127 244 23
    188 7 255 223 248 6 8 66 107 237 199 92 0 43 159 11 128 79 28 28 232
    191 4 60 81 226 48 31 255 223 118 7 127 119 253 241 254 14 99 127
    249 112 7 195 235 188 159 123 127 141 247 253 128 23 0 23 46 227 193
    1 129 62 62 0 192 7 112 95 230 5 255 240 107 111 56 13 0 3 159 10 0
    251 189 138 188 125 191 252 220 225 119 2 27 62 62 0 192 7 208 95
    206 7 255 240 99 15 8 141 0 3 159 26 64 251 189 170 188 125 31 252
    222 225 87 63 127 159 63 5 126 119 255 241 254 7 67 127 219 112 39
    130 9 173 159 59 123 157 247 249 131 119 0 22 22 227 129 30 127 160
    56 0 192 123 254 49 231 137 128 255 235 255 255 205 127 13 209 27
    112 251 167 222 249 112 0 2 85 225 86 193 240 255 158 0 156 119 121
    152 241 196 124 242 27 255 254 61 123 251 159 250 109 239 140 92 167
    255 0 44 209 239 136 30 55 136 16 0 1 231 255 39 159 0 231 255 239
    254 61 77 103 235 94 250 124 35 97 158 56 92 8 63 125 195 208 30 127
    191 107 157 248 117 254 115 198 23 1 111 227 127 255 157 195 173 219
    27 123 255 230 255 133 117 0 17 20 225 141 1 255 127 123 159 248 7
    127 159 248 15 224 208 227 125 199 205 97 12 159 11 67 253 157 227
    189 127 6 60 220 225 252 1 200 8 0 0 112 7 248 95 248 4 96 0 99 0 0
    5 128 10 31 59 67 16 157 33 133 125 63 254 150 226 129 30 63 136 16
    0 0 247 255 191 254 4 103 255 239 254 63 77 0 123 127 250 125 243
    224 252 57 127 8 61 28 194 23 14 62 8 112 192 119 247 255 252 124 63
    234 47 253 248 226 93 203 254 92 251 56 77 191 248 152 94 28 62 253
    128 197 24 128 0 16 0 6 7 161 31 224 248 64 255 227 64 248 39 248
    107 158 250 24 100 113 216 56 95 255 166 126 166 12 1 255 126 191 15
    252 87 127 159 248 5 255 210 235 249 199 141 29 15 159 27 99 255 141
    167 188 127 0 60 253 225 230 1 249 127 132 0 136 199 120 99 248 4
    124 0 235 127 248 189 247 173 159 30 127 243 68 95 126 181 2 63 148
    243 253 62 127 136 0 0 0 255 255 63 255 0 127 255 239 255 63 77 0
    107 111 251 125 147 224 220 29 127 24 57 60 66 22 1 134 127 224 3
    124 7 255 159 206 4 64 128 99 0 7 68 0 11 31 251 64 79 159 0 217 62
    14 61 208 226 49 50 121 255 240 2 0 24 0 28 7 135 107 232 34 31 61
    185 147 129 231 2 192 75 139 30 121 103 0 10 217 233 15 62 63 152 26
    0 31 127 255 255 30 0 126 139 255 252 173 69 47 255 124 248 56 77
    191 224 132 94 56 62 223 131 145 6 0 8 26 0 30 7 129 159 136 0 128
    210 226 0 192 13 224 5 31 250 55 108 157 160 157 95 255 244 81 194
    61 65 144 126 11 128 120 135 124 231 240 4 118 224 59 255 252 126 63
    187 223 251 127 203 124 222 132 125 0 63 89 23 50 127 63 144 11 1
    127 255 255 220 124 0 122 63 253 248 14 69 47 255 92 251 58 76 255
    240 132 94 0 62 254 22 209 65 252 127 138 0 248 87 125 217 240 4 127
    240 63 255 246 61 125 251 159 58 115 251 157 220 167 247 0 54 209
    238 252 193 128 114 0 160 88 7 0 119 192 196 214 243 235 79 248 63
    255 255 159 123 88 207 229 220 150 117 0 63 88 31 59 7 63 254 8 0
    192 7 252 95 255 132 127 208 109 127 2 65 133 122 159 59 0 251 189
    168 126 124 191 253 209 192 255 193 252 56 30 0 0 7 96 9 248 7 75 0
    0 96 194 29 97 1 153 4 128 2 12 16 89 32 239 196 156 145 204 30 6
    192 6 3 254 23 255 159 7 128 0 218 226 0 3 64 8 10 63 123 115 205
    159 160 199 159 127 173 208 102 160 65 132 24 0 0 116 71 237 249 248
    0 80 191 253 240 98 64 11 254 156 251 24 237 255 248 134 80 255 118
    210 19 129 6 0 4 224 7 252 6 128 31 143 224 0 218 104 0 0 0 32 2 95
    123 115 205 157 228 133 63 127 253 64 106 248 97 192 0 64 240 0 71
    241 241 240 0 128 255 217 96 18 4 2 253 156 251 24 237 247 248 152
    80 255 62 65 19 1 50 249 255 240 18 64 24 0 28 7 135 105 224 34 23
    61 187 155 195 103 11 224 11 139 148 121 103 1 142 209 235 15 1 134
    127 251 159 248 71 127 159 60 23 3 218 226 225 0 124 0 3 127 11 241
    255 157 167 186 127 7 61 208 225 186 193 188 60 7 136 0 7 96 1 248 4
    127 0 32 120 192 13 97 0 152 4 128 2 12 16 67 160 239 206 156 17 252
    63 63 136 2 65 255 123 255 254 60 32 130 219 253 248 239 68 41 254
    224 251 58 76 191 224 132 94 8 21 224 3 128 65 251 255 158 0 220 199
    255 215 243 196 124 224 107 255 254 189 255 187 159 250 109 239 140
    92 180 255 0 60 209 239 80 1 252 63 224 223 224 0 32 31 224 23 126 0
    34 53 247 189 241 2 175 7 225 219 135 170 252 103 1 136 156 225 200
    1 248 127 192 16 28 7 96 31 240 54 95 216 194 125 224 61 253 189 159
    123 209 237 191 232 131 119 2 40 84 235 249 7 63 62 2 0 16 7 248 23
    254 4 66 224 235 254 191 77 239 239 159 120 64 11 143 28 134 117 8
    56 92 195 244 1 188 0 31 128 0 135 225 31 120 7 128 127 224 120 224
    13 241 5 158 136 0 2 28 0 89 120 0 54 92 197 232 1 252 31 240 0 48 7
    248 223 248 7 127 251 227 120 238 93 96 12 159 251 64 15 157 216 136
    127 14 62 62 227 224 1 252 30 112 0 48 7 249 223 248 7 127 251 227
    120 238 93 96 12 159 251 64 15 157 216 136 124 14 62 62 227 224 7
    255 223 224 0 24 7 254 31 252 132 72 175 227 96 7 67 193 63 159 123
    64 207 142 24 137 191 14 58 214 226 229 18 249 254 2 0 32 6 24 79
    195 134 79 224 107 135 61 187 214 74 79 59 0 0 61 19 130 61 191 253
    212 224 31 13 30 8 0 0 248 7 228 211 252 6 79 240 253 124 206 93 255
    255 159 59 125 251 157 222 139 119 4 57 212 131 248 1 255 254 192 0
    48 7 240 111 255 132 79 240 107 127 130 58 21 122 159 27 0 2 61 23
    130 188 191 253 218 96 254 1 159 127 240 21 96 7 96 15 252 4 0 7 227
    127 130 126 213 62 159 11 0 2 10 23 9 112 159 254 150 224 255 193
    252 63 28 0 0 4 96 1 248 7 64 0 2 97 192 29 225 1 155 4 128 51 12 18
    121 96 239 198 156 145 204 1 252 31 248 0 244 7 251 223 216 55 121
    218 131 60 239 157 239 11 158 251 17 252 253 224 185 222 0 52 92 227
    209 30 6 132 4 0 12 7 248 49 255 128 95 255 195 96 30 65 122 47 159
    250 121 207 131 232 126 145 8 41 144 99 10 6 0 142 16 0 16 7 250 31
    207 132 64 0 99 0 0 0 0 10 159 122 64 37 159 144 152 127 63 61 210
    227 26 13 15 94 0 0 0 7 248 31 254 4 66 79 227 120 0 67 133 15 159
    250 0 11 159 0 136 95 127 60 22 231 245 31 254 192 0 0 4 7 251 31
    249 132 66 0 99 61 231 99 129 11 158 250 0 12 61 16 192 31 127 62 16
    199 209 3 249 24 24 0 248 71 249 243 254 6 127 192 131 60 224 13 37
    12 159 59 115 251 135 222 185 255 63 245 220 195 240 7 255 254 192 1
    56 199 241 255 254 32 104 15 128 63 226 12 117 18 159 187 113 207
    187 158 137 62 30 54 128 235 248 29 63 255 240 116 116 127 255 222
    62 58 106 47 253 252 140 87 237 254 124 251 124 203 191 152 152 95
    28 22 237 236 181 15 127 190 62 0 0 247 254 231 254 7 72 3 191 252
    47 77 0 11 249 58 109 179 220 126 120 124 8 22 28 224 224 1 184 31
    56 0 84 7 255 223 200 31 127 214 227 28 233 141 255 239 158 251 1
    252 124 224 153 92 0 52 92 227 248 6 2 8 15 0 16 7 248 39 198 0 127
    143 227 64 28 65 254 239 223 152 67 244 163 224 54 252 12 60 189 67
    56 6 0 14 0 0 48 7 128 31 231 4 64 8 99 226 60 27 208 11 159 59 96 3
    143 4 136 119 63 188 86 227 15 7 14 15 192 0 24 7 252 31 252 132 96
    63 235 96 7 115 193 63 159 123 64 207 183 152 137 63 30 62 214 227
    247 7 207 220 0 0 7 199 255 223 248 132 127 78 45 0 3 64 0 2 158 250
    28 142 123 216 192 158 255 60 18 227 233 1 130 127 250 31 252 7 107
    159 126 7 0 218 226 128 0 94 0 3 31 11 243 237 157 167 152 127 15 61
    192 226 58 30 126 196 0 0 4 7 255 159 241 132 64 32 99 127 247 98
    129 11 158 250 0 12 29 16 192 31 255 62 16 199 229 6 3 239 224 23
    161 199 255 207 207 134 64 228 63 139 1 114 28 74 94 139 140 98 94
