<?xml version="1.0"?>
<opencv_storage>
<desc type_id="opencv-matrix">
  <rows>150</rows>
  <cols>32</cols>
  <dt>u</dt>
  <data>
    5 223 62 16 0 0 7 240 31 252 6 67 255 227 44 130 76 0 11 159 122 24
    223 243 248 137 23 255 179 16 226 245 4 7 255 192 16 187 199 250 231
    255 4 69 255 211 111 7 88 20 63 159 123 127 179 115 223 129 255 12
    51 16 227 190 4 7 255 192 16 51 199 255 231 255 4 69 255 211 111 7
    72 0 63 159 251 127 179 115 222 129 255 12 51 16 227 191 30 31 204
    16 0 0 127 255 216 255 128 111 0 61 252 134 64 0 122 31 59 109 251
    156 94 185 127 28 56 18 224 249 5 182 62 2 0 0 7 240 95 254 4 38 3
    227 127 226 77 127 63 159 10 192 19 191 158 0 183 0 63 129 225 224 5
    223 62 16 0 0 7 240 31 252 6 67 255 227 44 130 76 0 11 159 122 24
    223 243 248 137 23 255 187 16 226 245 1 182 62 146 0 0 7 241 223 254
    4 6 11 235 127 226 77 127 63 159 6 242 51 159 151 0 255 4 55 208 241
    224 51 253 227 249 253 224 120 31 215 0 255 255 242 239 255 255 189
    184 251 227 3 96 243 157 155 184 124 0 54 255 237 33 1 192 34 3 4
    124 7 244 223 240 4 114 143 249 97 242 127 208 60 158 251 0 204 191
    224 134 95 4 62 208 131 207 1 192 15 240 0 56 7 248 23 224 30 106
    192 227 64 94 18 0 43 159 251 2 12 141 240 136 125 6 60 225 227 0
    193 248 127 31 142 0 4 0 31 32 23 121 127 162 5 192 191 255 227 15 4
    128 204 240 248 213 61 0 48 30 213 177 7 255 191 192 0 56 135 250
    231 252 4 71 127 195 124 231 220 60 47 191 123 127 219 115 254 137
    189 12 55 16 227 240 13 238 8 11 0 124 71 241 191 248 0 114 45 227
    112 226 68 1 5 159 251 120 239 247 220 132 126 127 250 234 3 224 13
    14 8 22 0 28 71 245 243 252 9 128 120 61 96 2 65 233 115 159 248 114
    79 141 156 200 63 127 190 93 194 225 62 23 166 132 3 159 7 207 223
    63 196 0 18 237 255 128 125 255 254 110 252 175 252 92 97 103 159
    255 253 65 114 158 15 127 63 192 0 56 7 254 247 254 6 79 255 227 255
    255 93 127 43 191 123 121 223 242 252 137 189 8 55 16 227 240 1 192
    63 246 6 0 7 32 31 224 6 126 103 226 0 0 13 128 5 159 6 128 155 76
    88 104 183 2 44 29 225 77 1 224 8 0 128 112 7 241 159 240 0 147 188
    99 116 226 4 1 3 159 123 24 19 243 216 134 127 127 250 129 67 192 14
    14 8 112 1 248 247 255 156 248 4 64 0 61 224 2 71 192 82 31 27 101
    251 156 30 184 127 12 61 148 226 173 1 252 30 0 0 0 7 248 31 224 6
    64 255 107 112 255 156 0 11 159 123 96 13 139 216 137 183 127 191 86
    227 193 1 252 30 16 0 0 7 248 31 224 6 65 254 99 112 255 141 3 11
    159 122 96 5 139 16 9 31 127 186 86 227 65 5 55 63 64 0 56 7 254 55
    254 6 1 255 239 254 255 93 255 131 223 123 121 255 224 252 137 191 4
    54 20 227 240 6 39 143 192 0 56 7 251 31 199 4 70 94 99 114 63 194 0
    235 159 59 65 143 159 12 136 62 30 57 2 226 7 254 19 230 132 3 15
    135 223 207 31 196 4 20 239 255 188 125 255 255 124 228 143 20 92 97
    103 158 255 251 16 80 22 30 23 238 16 0 18 7 248 231 223 134 71 127
    235 15 3 121 208 254 159 250 127 178 119 252 9 223 127 187 16 227
    190 7 255 254 130 4 58 7 243 31 248 132 100 192 98 127 255 205 127 3
    159 58 115 49 157 149 0 255 15 45 208 227 248 30 255 230 0 0 0 7 249
    31 195 132 65 176 227 211 127 162 3 255 223 122 32 1 157 144 25 95
    127 190 146 230 7 7 63 254 192 0 24 7 254 31 255 4 72 32 107 254 135
    68 5 47 159 123 64 79 159 28 200 191 30 62 208 227 240 13 174 93 192
    32 112 7 255 255 120 104 3 105 111 240 239 71 233 35 191 251 121 255
    243 248 152 127 4 62 0 238 197 30 7 152 0 0 48 7 241 159 255 0 95
    224 226 120 2 65 129 1 159 59 64 13 157 208 138 127 63 61 148 227
    245 1 252 27 251 223 255 7 120 31 248 63 128 208 99 124 239 221 32
    171 159 251 3 236 120 32 189 95 6 60 197 99 129 6 112 1 121 135 248
    17 190 31 32 223 255 254 237 247 255 237 127 188 255 27 227 251 158
    255 186 127 0 26 255 227 64 65 255 255 241 185 254 22 127 223 32 23
    96 203 20 7 247 189 0 20 191 251 123 205 187 224 137 159 255 244 254
    218 15 1 201 255 224 240 54 30 23 156 7 219 43 10 20 0 0 130 0 0 63
    123 126 20 191 224 136 95 255 228 163 250 3 1 255 255 240 20 252 95
    127 220 224 6 106 170 93 229 255 140 126 252 127 123 127 111 191 156
    152 127 127 190 232 234 0 0 193 254 128 0 48 4 0 95 135 132 31 128
    16 7 0 184 127 244 15 27 64 219 189 158 138 117 0 61 144 109 254 5
    254 31 192 0 32 7 251 159 224 4 71 127 227 112 255 254 3 171 159 27
    0 143 155 8 136 62 14 43 18 225 65 1 255 255 240 184 30 30 127 223
    30 31 96 27 20 0 3 146 0 0 63 255 123 141 187 224 137 31 255 244 42
    250 7 1 255 255 240 184 30 30 127 223 30 31 96 27 20 0 3 146 0 0 63
    255 123 141 187 224 137 31 255 244 42 250 7 2 0 15 254 7 12 7 252
    255 207 134 98 224 107 31 248 54 255 131 95 74 128 12 252 248 192 61
    14 61 80 227 248 6 127 14 0 1 64 7 224 31 248 4 64 139 226 125 226
    13 125 45 159 27 96 203 159 142 254 55 31 180 208 225 232 5 31 255
    224 4 240 7 254 223 254 6 65 160 99 254 15 93 3 235 223 27 64 115
    157 27 137 124 12 59 208 224 31 1 255 24 56 1 252 7 248 31 248 8 255
    146 99 252 254 5 35 171 159 59 0 239 157 43 154 95 63 190 255 225
    208 1 204 31 227 223 254 7 120 31 248 52 120 80 99 64 198 93 40 11
    159 123 1 236 92 96 165 223 7 60 126 115 32 1 224 102 16 0 16 7 236
    95 241 198 111 255 237 227 242 59 139 189 159 250 64 219 157 136 136
    119 0 58 17 239 199 2 16 15 246 6 24 7 252 247 207 134 127 192 107
    62 248 6 127 154 95 74 136 205 254 248 200 61 14 60 0 227 248 1 192
    14 62 1 224 7 120 31 192 7 255 202 227 128 3 205 208 126 95 10 0 251
    191 138 186 125 31 253 221 224 63 6 0 12 112 132 112 0 0 31 128 7
    127 248 34 0 25 131 128 3 175 27 64 51 139 31 136 103 31 202 158 225
    9 15 31 255 128 0 16 7 255 159 255 132 64 0 227 111 2 98 5 59 159
    123 64 17 159 128 136 127 63 62 0 235 250 126 7 208 0 0 16 7 255 223
    143 0 251 255 227 218 31 64 0 255 111 251 64 15 155 16 129 127 32 58
    123 22 19 1 128 63 121 135 224 7 56 31 192 23 255 202 227 128 1 221
    240 126 95 9 192 239 191 170 254 125 31 253 253 192 191 2 240 44 64
    1 242 151 255 159 195 4 127 128 235 15 241 141 247 131 159 59 127 51
    63 23 30 127 10 52 157 97 28 1 253 63 251 223 248 71 125 223 192 31
    191 202 239 192 159 157 240 126 95 11 113 235 159 142 154 127 6 60
    255 224 60 5 255 63 224 4 48 23 255 159 240 6 78 126 99 112 255 255
    139 171 191 11 0 11 155 2 136 190 12 59 84 225 65 6 127 14 64 3 64 6
    160 31 240 4 81 130 226 127 226 77 255 15 143 11 64 143 159 154 223
    55 31 172 144 97 240 7 239 30 192 0 56 7 250 87 224 0 8 108 99 48
    119 194 0 43 159 59 64 79 143 28 137 60 30 56 64 226 129 1 192 126 0
    1 248 6 16 223 195 132 31 128 24 7 0 185 87 16 31 59 97 251 157 158
    138 191 0 61 145 101 254 6 57 15 224 6 20 71 255 159 252 4 127 30 99
    255 248 12 127 171 159 235 253 219 154 44 136 95 14 62 128 227 248
    62 31 230 2 0 16 123 223 156 31 132 28 72 47 191 143 98 7 227 103
    250 120 251 159 248 131 223 16 56 81 230 215 1 253 63 251 255 252 71
    127 223 192 63 191 202 255 128 223 157 240 126 95 11 112 239 191 158
    154 127 6 60 255 224 60 89 128 81 112 240 120 71 249 151 243 251 170
    45 35 228 48 0 15 251 159 59 127 147 131 222 152 127 127 234 43 111
    16 193 252 255 248 60 242 24 15 222 1 247 122 30 151 247 255 191 255
    255 111 23 123 177 191 239 24 127 1 38 63 255 199 7 255 254 16 1 224
    6 64 31 248 4 121 0 35 255 254 76 113 131 143 59 0 207 156 234 217
    63 31 186 128 225 184 77 31 252 0 0 60 87 255 159 253 128 65 248 107
    63 128 69 117 59 159 251 112 143 157 128 129 31 127 186 152 70 248 6
    3 31 16 0 16 199 223 31 15 7 104 0 39 254 61 89 243 227 127 123 100
    51 141 22 136 127 0 62 56 194 142 28 38 231 224 48 243 247 255 231
    223 240 65 112 255 243 111 115 192 10 95 187 127 179 125 223 137 254
    30 58 22 238 143 1 140 24 248 240 120 71 233 55 248 105 186 47 35
    224 72 76 15 235 159 59 127 243 131 222 152 127 127 226 43 111 64 25
    255 255 123 13 254 127 127 254 15 159 120 2 253 211 63 251 218 252
