<?xml version="1.0"?>
<opencv_storage>
<desc type_id="opencv-matrix">
  <rows>150</rows>
  <cols>32</cols>
  <dt>u</dt>
  <data>
    1 143 126 126 7 252 7 255 31 252 7 251 208 99 8 7 77 0 11 159 27 99
    237 157 225 254 127 6 60 220 225 190 1 193 30 62 7 248 7 248 95 246
    7 255 208 107 0 0 13 0 11 159 26 67 253 157 225 190 125 31 253 216
    227 189 6 3 14 24 0 64 7 240 31 254 4 127 208 99 98 0 94 0 14 159 26
    0 251 157 168 254 125 63 252 209 227 255 193 248 127 180 56 0 0 0 31
    0 118 127 174 34 5 240 191 255 131 47 6 192 79 142 24 200 47 0 42
    222 253 193 1 255 254 190 1 252 23 255 31 248 4 255 208 99 255 199
    205 5 62 159 59 99 253 141 167 186 255 0 56 217 235 254 1 255 255
    190 1 248 87 125 157 248 4 63 220 107 255 230 13 101 43 159 58 99
    251 156 46 186 255 0 56 209 235 252 1 156 127 228 2 14 7 120 79 216
    6 64 246 227 15 192 29 253 235 31 78 134 10 28 20 105 189 6 62 220
    226 255 1 190 28 64 0 53 135 250 207 248 6 104 6 227 60 226 77 60 14
    158 251 0 76 94 16 136 92 4 62 220 227 248 5 31 255 224 0 112 7 255
    159 255 4 64 34 99 62 7 64 0 11 159 59 64 75 156 28 136 127 14 62
    208 227 250 1 159 255 192 0 0 7 255 31 255 4 104 160 99 127 7 122
    209 11 159 59 64 79 157 152 137 191 14 62 208 226 255 5 7 254 0 0 0
    7 240 95 255 132 127 240 99 127 0 65 129 10 159 59 0 251 157 136 190
    124 191 252 209 193 255 1 159 255 192 0 0 7 255 31 255 4 104 160 99
    127 7 122 209 11 159 59 64 79 157 152 137 191 14 62 208 226 255 6 31
    238 192 0 0 7 241 29 255 132 71 242 107 123 2 114 17 59 159 27 96 19
    141 22 9 119 31 173 18 227 254 1 140 31 240 0 20 7 65 223 248 23 227
    251 0 40 192 93 96 251 31 123 48 15 187 144 136 95 6 54 126 226 184
    6 63 255 192 0 0 7 224 31 255 132 65 242 107 255 2 115 197 251 159
    27 64 3 141 3 9 167 31 220 16 225 255 12 6 0 112 128 112 23 255 220
    252 23 26 254 125 248 66 94 193 225 95 59 64 237 159 224 154 127 12
    62 224 226 132 15 63 60 64 1 0 7 255 223 252 4 206 3 235 125 226 76
    13 191 159 11 64 3 191 151 88 63 12 54 216 97 224 1 192 14 224 0 112
    7 251 31 224 4 66 128 99 0 83 191 200 11 159 59 0 14 31 16 136 127
    14 56 214 225 69 1 192 63 127 7 127 6 23 159 0 7 7 146 224 0 241 157
    254 3 62 251 190 76 156 32 152 95 255 189 213 226 1 12 6 0 112 0 248
    23 255 220 124 23 26 254 125 248 70 94 193 225 95 59 64 237 159 224
    154 127 12 62 224 226 132 1 140 31 240 0 16 7 105 28 120 31 107 232
    47 232 192 95 236 235 95 123 120 147 163 216 136 103 4 58 30 226 177
    1 252 95 244 6 4 7 240 31 248 132 126 64 226 124 254 68 15 11 159
    106 248 79 191 216 232 159 15 44 90 227 192 1 128 47 248 28 254 7 19
    159 0 7 7 210 226 1 240 63 248 1 31 251 168 108 156 96 155 95 255
    253 212 226 13 4 4 8 16 0 20 7 248 31 248 4 66 0 99 32 0 69 136 11
    159 123 32 13 157 16 136 31 63 190 150 227 197 1 140 63 254 7 254 7
    255 159 152 7 95 210 98 0 3 204 0 11 63 11 123 253 157 225 186 127
    15 61 208 224 224 5 134 28 0 0 33 135 248 7 240 6 72 0 235 236 246
    77 63 47 152 187 0 78 70 0 136 112 4 26 220 193 112 1 31 24 0 0 30 7
    225 223 254 4 64 10 249 44 128 12 52 243 31 250 112 13 191 208 136
    95 63 54 88 194 184 1 223 255 192 0 16 7 251 31 231 4 72 24 227 15 7
    255 212 11 159 123 64 5 159 128 137 191 14 58 208 227 191 1 248 28
    128 0 31 135 127 223 224 0 101 2 235 192 247 140 120 92 94 250 62 4
    124 32 65 159 255 253 190 210 0 1 128 63 250 31 254 7 127 31 248 6
    124 208 98 0 0 76 0 3 31 11 227 236 157 225 188 255 15 60 208 226
    192 126 63 250 192 33 255 255 255 223 31 36 122 138 255 254 31 242
    255 255 120 251 51 108 191 160 132 94 16 60 216 238 23 14 23 252 224
    0 64 71 225 240 127 0 3 47 28 191 128 76 52 122 31 27 120 19 179 223
    25 127 0 58 0 224 184 7 63 62 152 0 192 7 255 31 62 4 127 192 103
    191 2 77 133 250 127 59 0 239 157 128 252 127 63 188 217 224 255 7
    236 8 112 0 240 6 32 31 240 10 123 16 34 112 127 133 171 131 143 59
    66 48 61 135 152 127 31 190 188 225 129 6 31 254 16 0 0 7 248 31 255
    134 64 0 99 63 0 98 16 11 159 59 0 5 157 160 24 127 63 188 16 227
    250 1 159 255 192 0 48 7 248 31 255 132 72 8 99 127 134 127 212 11
    159 27 64 15 159 0 137 189 31 252 80 227 255 5 191 62 100 7 128 7
    240 87 254 6 100 8 235 127 98 76 31 175 159 11 225 179 159 159 104
    191 14 63 0 225 198 6 31 254 0 0 0 7 248 31 223 134 66 8 99 63 3 123
    213 11 159 123 0 3 159 0 136 127 63 184 20 227 255 5 255 255 224 0
    96 103 240 51 255 196 11 108 2 127 230 114 5 235 159 27 96 51 131
    159 138 113 255 226 17 232 243 6 22 143 48 0 0 71 225 241 255 134
    106 63 220 63 128 108 117 124 31 10 252 19 183 223 72 63 14 50 0 224
    248 6 63 254 0 0 0 7 254 31 255 4 127 208 111 255 2 125 133 250 95
    59 0 251 157 40 190 125 63 252 209 224 255 1 232 63 20 0 6 7 127 223
    0 22 111 154 44 1 241 191 224 2 126 250 176 76 189 160 232 159 255
    253 222 226 13 0 128 34 96 0 112 7 248 31 240 196 131 159 227 99 242
    124 48 47 159 59 0 204 158 32 153 125 6 52 193 97 10 1 236 14 112 4
    96 7 240 31 240 6 96 128 35 112 102 69 192 43 159 11 96 1 141 3 24
    127 14 60 232 225 196 30 23 252 64 0 112 123 219 56 31 0 64 40 3 207
    13 72 19 235 111 59 112 11 163 158 129 111 8 2 64 96 30 1 151 254
    128 0 0 7 248 31 255 132 106 8 99 127 2 122 144 11 159 59 64 13 159
    0 136 61 63 252 16 227 255 14 7 56 0 0 60 7 225 223 127 4 96 43 29
    174 0 76 21 227 31 123 112 15 187 148 136 127 63 54 88 194 186 1 128
    68 8 1 231 7 120 7 224 192 63 159 163 240 240 98 233 107 30 59 2 4 8
    33 94 93 0 51 193 224 192 62 127 155 225 254 63 155 255 223 135 63
    104 194 239 254 255 223 250 76 100 253 150 76 125 160 128 30 120 60
    220 146 1 1 128 31 60 0 223 7 127 159 128 7 126 18 224 0 65 157 248
    2 127 250 63 236 124 96 248 95 255 188 220 194 33 1 224 11 242 92
    252 6 59 31 96 113 174 192 99 192 255 183 203 131 175 123 104 239
    158 216 136 95 0 61 221 35 5 1 224 9 11 205 252 7 115 31 224 59 70
    162 98 112 255 135 201 3 159 123 2 108 92 20 134 127 6 63 222 131
    197 1 255 127 240 0 16 7 248 31 240 6 0 0 99 239 246 157 214 43 159
    123 96 13 159 32 137 63 14 60 144 227 127 65 140 119 224 124 120 7
    78 30 56 224 155 248 109 129 192 104 0 67 95 59 64 79 157 16 138 111
    0 24 97 126 58 1 224 39 240 252 124 6 59 31 224 247 134 130 35 193
    255 187 250 3 223 123 100 239 157 12 152 127 0 47 209 107 14 1 236 8
    112 7 120 7 240 31 240 11 10 0 35 112 126 7 192 11 159 27 99 79 157
    22 216 119 31 172 197 227 197 5 255 255 240 0 96 7 250 55 248 214
    107 41 35 127 230 127 255 3 159 11 80 51 163 159 8 125 255 246 22
    233 243 1 252 122 63 7 231 135 255 223 128 7 248 18 237 1 247 157
    234 0 124 232 12 108 124 96 248 95 255 252 220 196 4 1 224 56 192
    209 63 7 255 159 128 32 64 18 227 208 255 220 42 30 126 251 63 140
    124 96 193 159 255 189 0 98 0 6 0 14 65 133 248 8 2 31 0 6 127 192
    34 0 29 131 240 3 239 27 99 235 137 223 133 103 31 204 222 227 73 1
    128 127 100 6 0 7 248 23 230 6 105 11 227 0 0 126 255 131 159 10 128
    20 143 33 105 189 15 60 144 225 226 254 0 193 244 114 14 248 143 24
    7 248 128 0 100 130 1 226 191 250 101 238 236 11 140 22 73 7 0 12 6
    238 3 1 132 14 192 5 252 23 255 223 248 192 18 30 127 241 226 104 0
    1 31 123 17 237 191 232 134 127 6 62 208 98 142 77 6 2 128 0 21 23
    239 254 124 228 66 143 253 249 8 122 223 252 88 251 16 236 127 224
    132 76 254 125 208 62 150 30 31 228 30 0 16 7 255 31 31 132 39 1 35
    191 135 72 1 203 111 122 65 219 130 248 133 127 0 61 129 226 150 1
    128 8 112 1 71 135 255 223 8 59 255 246 109 192 93 69 202 3 126 251
    14 4 124 99 88 94 6 60 189 225 69 1 236 8 107 197 252 7 115 31 240
    41 199 130 98 112 255 197 171 3 159 123 66 108 156 112 134 127 0 63
    222 3 193 30 15 212 0 0 0 7 250 127 223 128 63 128 3 16 15 194 15
    131 175 123 57 223 249 248 215 31 16 54 129 231 66 62 71 152 17 128
    16 31 187 159 7 11 128 126 162 6 55 192 0 107 47 248 32 15 159 128
