<?xml version="1.0"?>
<opencv_storage>
<desc type_id="opencv-matrix">
  <rows>150</rows>
  <cols>32</cols>
  <dt>u</dt>
  <data>
    27 207 247 224 112 120 31 255 220 7 250 74 42 61 130 31 178 128 82
    127 123 127 235 159 222 152 127 127 254 70 238 47 30 3 198 112 0 112
    24 3 30 7 196 90 122 34 130 1 178 128 1 111 59 115 179 159 158 154
    111 255 198 18 231 63 30 75 192 112 0 112 28 27 28 7 196 107 122 34
    131 1 178 128 3 111 59 115 51 159 159 152 127 255 230 27 238 63 1
    252 63 204 2 142 7 112 31 240 6 127 23 227 113 226 61 253 60 159 94
    223 240 116 236 119 191 6 61 28 227 236 1 238 126 190 7 254 23 255
    159 248 4 255 252 99 224 79 77 0 90 95 27 107 237 156 239 252 255 6
    57 216 224 1 14 63 143 240 1 255 215 255 223 127 138 111 219 255 254
    127 64 10 255 255 123 127 240 127 239 57 223 12 53 230 224 0 1 248
    255 158 7 252 7 109 157 241 196 127 246 63 255 242 45 127 227 159 58
    107 255 220 108 247 255 0 58 209 235 194 1 142 127 255 15 254 7 254
    95 200 7 254 212 107 0 79 205 0 10 95 11 235 236 220 233 254 127 15
    184 216 226 0 1 248 63 224 6 158 7 112 31 240 4 127 84 226 113 242
    61 253 61 159 78 255 176 116 237 119 159 2 40 28 227 232 1 252 63 59
    4 252 7 127 159 224 7 224 138 227 240 255 205 42 251 127 123 112 111
    191 156 152 127 127 252 255 226 0 30 127 207 240 1 255 223 255 223
    143 138 111 218 255 254 255 192 10 125 255 59 127 241 255 239 185
    223 28 53 231 224 0 1 252 255 158 3 252 23 127 156 113 192 127 246
    111 255 246 13 121 227 159 58 107 255 156 110 247 255 0 59 213 239
    200 6 89 14 0 0 0 7 248 31 192 4 127 240 99 0 0 158 0 11 31 58 0 243
    157 128 190 124 255 252 208 227 53 3 249 254 0 0 0 7 248 95 227 4
    127 248 107 192 16 128 0 11 95 59 0 251 189 168 190 253 255 253 208
    194 67 1 200 62 24 0 192 7 120 95 224 4 127 208 107 0 192 156 2 26
    31 27 65 253 157 232 125 117 63 252 216 226 0 1 255 254 190 7 254 23
    255 159 248 4 255 252 99 249 223 77 8 43 159 58 107 253 156 111 254
    127 0 8 217 234 70 6 7 15 96 0 32 7 224 31 254 30 111 255 227 104 0
    87 129 255 159 27 64 179 156 14 137 101 63 253 190 224 177 2 201 14
    190 1 248 7 248 31 192 4 127 240 99 128 17 140 0 10 95 27 65 253 157
    232 254 127 63 253 216 224 4 1 192 62 62 5 248 7 120 95 224 6 127
    216 107 0 80 140 0 122 31 27 67 244 157 225 189 127 31 189 216 224 0
    2 201 30 0 0 0 7 248 95 194 6 95 240 107 0 3 158 0 11 31 58 0 243 61
    0 138 248 255 252 208 195 57 1 132 15 224 0 112 7 243 31 248 118 79
    243 226 32 192 126 200 63 159 59 97 243 141 14 136 127 31 173 150
    226 197 6 7 15 224 0 32 7 224 31 254 0 111 243 226 44 0 69 161 239
    159 27 66 19 13 23 8 101 63 236 30 225 241 1 236 31 243 13 124 7 248
    95 192 15 138 91 235 64 255 140 32 111 159 123 112 79 159 128 136
    127 127 180 104 226 0 1 255 126 62 7 248 7 254 31 194 5 255 212 99 0
    55 205 0 11 31 27 67 253 156 233 254 127 4 24 217 226 67 1 240 255
    138 0 248 71 125 217 241 196 127 242 61 247 242 60 127 251 159 59
    103 251 157 14 183 255 0 60 209 235 202 5 134 15 224 0 112 7 250 95
    240 4 104 15 227 112 103 87 232 63 159 59 0 79 158 16 136 125 14 62
    222 227 197 5 198 15 224 0 112 7 250 31 240 4 96 3 227 96 119 87 232
    47 159 59 0 79 142 24 152 127 14 62 222 225 197 1 238 127 224 16 112
    7 254 31 240 4 64 162 227 224 87 93 235 171 159 27 0 79 156 24 137
    125 14 62 208 225 69 6 15 14 0 0 0 7 248 31 254 6 79 224 99 32 0 88
    1 11 159 58 0 1 157 144 130 188 255 253 208 193 222 0 0 15 121 149
    240 135 225 255 246 23 191 191 221 96 0 93 240 60 158 11 17 251 123
    235 184 248 0 54 221 224 184 6 123 255 240 0 112 70 129 28 247 158
    72 32 32 47 34 34 1 2 143 59 120 75 131 222 152 127 63 234 192 227
    254 6 3 158 2 0 48 7 248 95 255 6 71 192 107 34 0 1 0 11 159 59 0 0
    63 19 129 124 191 253 144 193 222 1 252 127 136 1 252 23 125 156 248
    132 127 246 63 255 254 61 121 227 159 123 111 255 220 110 182 127 0
    58 209 235 132 123 253 230 194 37 255 198 255 207 225 224 0 0 227
    117 247 162 56 43 190 251 62 14 124 23 134 94 16 61 192 237 161 5 14
    12 112 0 0 7 253 223 248 10 110 251 251 96 66 69 3 189 159 11 208
    235 191 152 152 127 12 52 232 225 196 5 255 127 232 252 224 56 104
    16 248 9 243 232 3 224 207 204 40 3 161 3 0 107 131 18 156 97 0 196
    238 121 64 1 128 63 254 7 255 7 63 223 0 22 1 208 236 1 241 191 248
    0 127 251 63 76 92 97 155 95 255 253 212 226 1 1 224 127 126 7 255 7
    127 223 0 7 7 210 236 0 241 159 248 0 126 251 62 76 124 96 153 95
    255 253 213 226 97 237 255 255 150 56 3 248 127 226 15 150 111 63
    253 191 191 253 255 255 96 196 255 144 227 239 105 158 0 31 158 252
    254 7 31 254 18 0 112 7 252 95 255 134 64 0 109 255 130 123 221 250
    95 59 2 2 31 20 128 125 63 254 208 194 255 6 31 174 18 0 48 7 240 95
    255 6 66 0 99 127 2 126 135 30 159 59 0 0 159 1 128 125 191 253 144
    193 247 1 224 127 144 0 28 7 248 31 192 134 96 15 227 67 252 187 218
    47 159 123 0 13 159 16 136 127 63 188 214 227 15 1 248 127 240 255
    240 6 112 39 240 31 255 205 227 64 192 157 0 1 159 3 64 251 131 31
    153 124 2 56 223 233 80 1 249 254 190 1 248 87 255 30 115 128 63 216
    103 255 254 13 255 235 159 27 99 251 141 39 190 255 0 60 209 239 232
    13 14 34 10 1 124 31 255 222 124 36 67 254 125 249 206 124 89 227
    127 123 3 204 253 224 135 127 4 61 216 98 142 129 248 127 248 62 224
    6 16 31 192 62 127 255 35 0 192 191 248 3 159 7 128 114 122 27 58 95
    0 58 254 237 76 1 224 127 240 1 192 7 40 31 240 118 111 240 47 225
    224 62 121 227 31 27 103 179 141 15 121 119 2 57 1 232 238 15 31 254
    2 0 112 7 254 95 255 134 96 0 111 255 130 123 221 250 95 59 0 0 159
    17 128 125 63 254 208 224 255 1 196 31 240 0 52 7 112 95 240 6 123
    254 227 0 194 93 112 13 159 123 0 207 255 216 136 95 7 62 125 227
    248 3 253 255 240 49 224 4 122 7 192 228 136 112 99 1 119 185 240
    139 187 11 64 3 141 23 152 124 0 26 65 233 14 65 255 121 248 97 240
    4 121 255 224 59 255 224 35 253 255 157 127 43 175 27 112 251 191
    223 184 127 0 54 255 237 64 1 192 126 240 49 96 6 56 31 192 228 130
    116 99 67 223 189 252 171 158 11 0 3 140 3 152 124 0 58 1 105 46 1
    254 63 22 0 0 7 240 95 248 6 110 232 235 120 226 93 3 47 159 4 128
    11 191 152 128 53 6 61 220 225 193 12 6 8 16 0 0 7 248 223 252 0 64
    143 235 120 79 69 32 62 159 251 0 79 31 16 152 95 63 62 222 227 193
    1 140 24 28 0 7 7 224 103 248 15 71 60 131 120 194 77 45 11 158 248
    186 20 245 224 120 29 4 51 20 195 240 4 7 255 192 0 16 7 240 31 255
    132 79 192 99 122 2 66 133 62 159 123 128 15 157 16 130 61 127 189
    208 227 247 1 249 127 254 7 254 23 255 159 194 7 79 214 227 128 119
    140 0 94 127 27 107 253 156 235 251 127 15 61 216 224 2 6 15 8 122 5
    252 7 254 231 254 11 250 143 187 248 28 69 124 99 222 251 48 237 187
    160 184 93 8 52 254 226 40 1 232 127 62 1 255 6 127 223 128 6 126
    146 237 128 87 157 250 20 126 250 63 236 124 96 184 95 255 252 220
    226 65 126 127 255 192 241 255 159 255 223 7 116 110 154 239 254 63
    251 255 252 112 251 31 204 127 160 136 30 0 28 248 62 19 15 15 28 0
    0 48 87 255 223 252 0 107 120 18 40 0 64 52 227 31 59 113 155 191
    222 137 62 30 54 24 97 184 1 128 63 240 80 0 0 0 30 0 63 127 188 34
    1 208 61 255 3 47 7 128 49 143 3 40 229 143 202 190 225 76 7 252 7
    48 0 0 7 250 7 224 158 104 64 99 1 247 255 192 139 152 3 0 3 141 19
    120 92 0 56 33 225 5 1 182 63 241 255 254 7 121 255 206 63 130 191 3
    60 225 92 127 126 95 255 114 76 187 240 152 95 0 55 225 122 240 1
    232 127 240 48 96 7 122 15 192 244 136 32 99 1 87 187 240 131 187 11
    0 35 13 23 152 124 0 26 81 237 15 1 191 254 224 1 224 7 240 95 253
    132 192 0 99 127 130 73 133 11 159 11 0 48 63 163 24 125 191 254 156
    97 255 1 192 13 240 0 224 7 48 95 224 232 106 203 227 0 211 132 96
    175 159 27 64 107 159 128 152 117 31 188 254 225 12 64 208 99 240
    243 2 0 26 31 131 247 74 0 35 135 157 191 252 195 111 3 66 4 140 1
