<?xml version="1.0"?>
<opencv_storage>
<desc type_id="opencv-matrix">
  <rows>150</rows>
  <cols>32</cols>
  <dt>u</dt>
  <data>
    1 249 255 184 1 192 6 96 71 240 6 127 207 227 127 224 189 1 60 159
    27 71 50 14 7 122 113 3 61 156 233 250 157 255 241 112 38 31 255 239
    248 124 31 104 43 253 248 194 119 239 252 28 235 252 79 255 216 136
    30 0 62 222 238 241 2 0 0 0 0 31 6 151 159 0 4 63 210 224 4 208 141
    224 0 31 250 63 12 92 96 64 159 255 252 209 226 56 63 127 176 119 7
    255 255 255 248 124 8 234 255 221 252 134 77 39 124 28 251 126 76
    255 217 192 30 0 54 221 230 240 1 248 127 192 0 138 6 32 15 240 22
    127 3 227 119 224 61 253 28 159 27 71 48 70 7 127 177 2 45 28 235
    236 127 63 252 68 35 255 255 255 254 31 0 106 159 253 254 143 68 47
    254 124 251 63 12 191 225 192 30 0 60 226 110 48 29 255 241 118 39
    63 255 239 248 124 31 104 107 253 248 194 87 239 124 28 251 252 79
    255 216 136 31 0 62 94 238 241 6 3 15 224 0 192 7 224 79 255 0 111
    207 251 104 0 65 33 254 159 27 0 179 30 11 56 113 191 253 190 225
    153 1 254 62 96 1 243 199 255 239 248 4 106 46 227 248 255 93 96 99
    94 59 63 178 127 223 152 94 191 250 20 224 168 63 127 252 230 39 255
    255 239 248 126 0 3 191 221 250 6 72 7 254 62 251 127 76 255 253 194
    30 0 62 194 110 210 3 255 254 127 135 252 21 254 31 240 7 227 144 99
    253 246 141 97 175 155 27 67 237 141 225 253 127 0 29 249 225 252 6
    83 223 224 0 48 6 160 19 247 128 64 0 34 46 0 0 0 35 159 27 103 19
    140 31 9 103 63 236 0 225 250 193 248 98 140 32 3 134 51 15 192 228
    113 4 32 3 243 189 240 2 174 132 140 2 114 23 119 28 0 59 184 28 46
    1 255 254 190 3 252 119 255 157 248 4 254 212 227 255 254 13 208 43
    159 59 123 253 140 239 254 255 0 8 217 235 238 3 255 254 62 7 252 55
    255 31 240 5 251 208 99 252 246 141 97 171 159 27 99 237 141 225 253
    127 0 28 249 227 252 1 251 254 190 0 248 70 125 145 231 128 254 216
    123 126 254 133 255 251 159 58 103 243 141 38 186 255 0 60 249 235
    184 30 255 166 99 135 126 33 252 241 225 135 74 123 219 7 231 237
    219 189 159 123 123 13 247 249 128 55 0 22 20 227 143 4 6 46 8 0 192
    7 248 95 206 4 127 240 99 11 9 92 0 11 159 59 64 251 157 168 254 124
    191 252 209 192 126 30 255 164 115 135 126 25 248 249 225 135 66 127
    219 7 247 233 217 173 143 123 123 13 247 249 128 55 0 2 20 227 142 6
    19 223 224 0 32 7 224 15 247 132 111 64 226 46 0 0 0 47 159 27 70 19
    12 23 9 55 191 236 18 225 250 1 255 127 188 3 252 87 255 157 240 4
    255 246 251 231 198 13 0 107 159 27 107 239 156 239 254 255 6 56 217
    226 249 19 251 254 190 5 248 70 253 153 247 5 254 208 107 254 254
    133 127 251 159 58 99 253 141 39 184 255 0 60 249 235 248 3 255 62
    62 7 248 7 240 95 248 7 255 242 107 33 2 13 0 26 159 26 65 253 189
    233 188 125 31 253 222 225 171 1 255 126 190 7 252 87 255 159 248 5
    255 218 227 185 199 205 1 207 31 27 123 253 157 235 252 127 6 60 221
    224 184 1 207 31 127 135 252 7 249 159 248 7 194 146 107 0 2 93 0 2
    159 27 99 253 157 229 248 127 31 252 220 227 176 27 255 255 224 0
    128 6 48 31 227 228 109 0 98 63 227 187 253 251 175 27 121 243 244
    255 105 191 255 255 24 236 190 30 255 255 224 1 206 6 224 31 247 198
    108 15 227 175 162 41 117 251 15 59 127 51 123 31 120 191 191 246 28
    236 186 1 255 127 224 16 64 87 255 159 248 4 96 2 107 241 255 93 200
    235 159 219 224 79 154 24 216 126 4 60 92 234 5 1 232 30 224 0 114 7
    123 159 224 36 107 114 227 96 246 158 43 255 159 123 123 177 157 232
    137 127 63 190 16 227 0 5 6 126 152 0 192 7 240 31 255 132 122 128
    99 107 0 73 4 11 159 26 64 251 157 40 252 127 31 252 217 225 254 18
    40 0 0 0 31 7 255 223 8 0 64 18 236 16 201 133 248 64 126 250 63 12
    124 224 65 159 255 189 128 194 32 1 132 8 64 0 3 199 240 99 248 22
    76 0 2 112 194 93 253 3 159 120 255 179 66 95 120 183 4 41 28 227
    224 1 204 31 240 80 48 7 120 31 248 58 111 255 227 192 199 94 236 11
    159 251 0 179 94 88 136 127 6 58 174 227 96 1 253 255 240 1 160 6
    114 31 193 246 109 239 34 23 227 191 252 107 175 11 89 145 250 251
    105 191 191 254 20 232 175 7 127 255 252 7 0 7 233 31 254 6 126 1
    239 255 226 125 133 123 31 10 240 3 179 159 120 63 223 254 24 224
    253 5 134 254 0 0 32 7 248 111 195 132 95 240 43 79 191 97 128 11
    159 27 0 35 61 130 130 184 191 253 214 225 63 134 55 255 190 7 128
    121 140 96 127 151 112 57 31 255 254 127 255 255 193 4 241 243 131
    251 125 160 0 7 28 225 198 63 127 188 134 0 31 223 255 223 222 0 126
    130 239 252 255 205 32 79 96 252 0 12 124 96 196 30 8 60 249 18 128
    1 159 254 224 21 97 7 112 111 222 4 67 136 99 28 7 205 231 11 159 11
    2 0 63 147 9 112 191 249 152 97 249 5 14 126 2 0 48 7 240 111 220 6
    79 224 99 56 1 87 129 43 159 59 2 2 63 23 130 53 191 253 208 193 221
    1 255 127 224 16 64 87 255 159 248 4 96 2 107 241 255 93 200 235 159
    219 224 79 154 24 216 126 4 60 92 234 5 1 254 25 112 0 56 7 250 23
    248 31 107 124 99 124 238 77 35 171 159 251 66 13 140 216 136 125 14
    58 62 227 145 23 127 255 240 51 227 248 79 222 31 22 105 0 28 255
    189 189 127 255 103 11 127 177 252 255 121 255 0 62 16 233 208 1 236
    30 240 0 246 7 255 159 240 4 73 63 235 240 254 93 249 250 159 123 63
    48 126 127 153 95 63 190 16 225 192 129 255 255 240 54 64 121 126
    224 248 55 104 47 127 255 255 253 127 191 161 7 240 51 139 159 120
    96 0 30 24 237 248 135 255 255 240 63 128 249 254 97 243 214 109 169
    219 255 255 253 255 255 241 7 254 19 167 159 105 161 0 14 152 233
    226 30 14 0 0 0 0 7 240 15 248 0 71 246 35 112 66 68 33 3 158 248 0
    178 92 120 133 120 127 49 154 3 224 31 63 255 240 51 235 248 79 220
    31 6 104 0 93 255 189 189 127 255 231 11 127 48 220 255 121 175 0 60
    16 233 144 253 228 0 24 0 3 7 251 31 0 104 194 127 226 64 255 199
    224 235 188 224 128 4 57 0 124 94 255 102 124 132 0 65 46 24 16 128
    5 71 225 255 252 7 248 255 221 120 104 77 193 188 156 248 16 108 255
    248 248 88 255 126 222 19 197 65 224 127 190 63 254 4 1 220 129 215
    105 252 95 199 248 191 250 253 79 123 124 205 253 248 153 95 3 58
    126 250 14 5 31 62 2 0 112 7 255 31 252 6 66 0 107 191 131 127 245
    250 95 59 0 4 159 145 128 127 191 253 208 224 191 5 255 255 240 6 64
    7 253 31 252 6 126 96 237 249 194 93 1 51 159 11 248 19 181 219 120
    127 223 254 16 224 239 14 63 254 2 1 114 7 248 95 223 134 79 128 107
    127 143 105 143 14 159 59 2 4 63 145 130 61 191 253 144 193 247 254
    31 238 18 0 0 136 0 0 15 134 105 0 34 31 141 225 255 227 96 4 128 19
    3 18 1 128 255 234 152 209 123 190 31 239 18 0 0 136 0 2 15 135 105
    0 34 31 141 225 255 227 96 4 128 3 3 26 9 160 255 238 152 209 123 1
    224 254 18 0 16 7 56 95 193 134 72 0 99 131 121 185 210 235 95 58 0
    15 159 16 136 125 127 254 212 226 15 1 195 63 127 7 252 87 255 159
    226 7 115 210 227 0 51 93 136 13 159 11 113 255 141 163 188 127 14
    61 220 224 97 15 14 12 0 0 60 7 252 223 252 128 72 31 251 248 130 68
    4 255 159 123 0 77 191 160 136 63 63 188 64 227 176 1 224 103 240 0
    192 6 0 31 0 248 122 112 34 113 248 183 251 3 159 59 83 241 253 232
    58 127 3 44 20 239 69 14 23 239 224 0 112 23 255 255 247 224 104 63
    255 255 63 104 18 3 223 59 16 109 187 160 136 127 30 54 96 233 94 5
    255 254 224 0 56 7 250 223 252 0 65 255 227 127 255 76 0 13 159 59
    67 5 157 240 137 191 30 61 96 227 202 14 87 239 224 0 112 23 255 223
    247 224 104 63 255 239 63 104 18 3 223 123 16 109 187 160 136 127 30
    54 96 235 94 7 255 24 16 0 48 7 248 31 254 8 107 254 227 112 15 68
    32 15 159 123 0 13 220 248 137 31 63 58 62 195 104 63 127 158 7 217
    63 159 255 207 158 4 120 18 239 252 255 204 96 78 96 253 31 12 124
    32 134 30 8 60 33 18 192 4 132 12 18 0 16 7 248 31 224 6 72 3 227 64
    127 69 168 11 159 122 0 11 31 20 136 61 63 190 22 227 1 1 224 103
    248 1 232 4 0 31 224 229 199 224 98 67 254 191 248 5 143 59 115 243
    189 255 121 127 3 45 152 237 14 0 3 28 5 128 15 199 240 227 254 0
