<?xml version="1.0"?>
<opencv_storage>
<desc type_id="opencv-matrix">
  <rows>150</rows>
  <cols>32</cols>
  <dt>u</dt>
  <data>
    1 255 255 180 0 6 7 254 223 252 6 127 254 235 240 7 221 8 255 159
    122 0 12 31 16 72 31 0 61 220 224 163 16 0 1 240 0 240 120 0 16 3
    251 130 40 96 0 0 162 0 0 47 27 96 51 143 31 152 103 191 206 47 236
    31 1 255 255 238 7 244 14 87 223 30 4 127 250 36 63 131 221 101 112
    47 11 153 255 253 248 182 223 0 61 81 224 248 65 216 127 249 255 254
    7 123 255 224 123 147 203 226 0 195 191 224 65 31 251 127 236 255
    232 158 95 2 52 221 126 189 12 0 0 28 0 3 71 249 29 240 32 127 255
    195 240 120 93 251 255 158 250 32 101 141 0 121 159 4 41 220 161 14
    1 208 59 240 240 192 4 0 31 128 55 175 240 34 15 248 189 246 235 143
    27 64 243 140 11 121 245 3 37 157 236 62 121 191 254 192 240 0 57
    236 104 126 32 15 3 221 255 130 77 127 252 17 3 0 50 122 23 41 224 0
    29 129 60 250 30 0 193 240 3 252 24 1 220 7 248 108 0 28 2 0 34 0 16
    111 59 115 237 159 167 120 167 191 236 227 236 63 12 4 0 4 0 7 199
    241 157 248 40 127 252 66 96 64 65 251 255 158 250 36 37 141 0 116
    158 4 41 220 227 140 1 255 62 126 7 252 71 248 247 248 4 80 128 3
    120 254 77 99 175 159 11 240 79 143 144 230 191 4 44 220 227 128 126
    2 195 192 240 63 199 255 239 207 250 76 96 235 2 0 114 0 12 30 251
    31 204 116 248 129 158 255 123 32 30 62 253 255 255 31 170 15 249
    239 238 124 7 224 11 253 255 255 93 1 252 224 244 144 76 63 160 224
    136 64 20 222 158 255 63 63 254 192 33 131 248 95 150 15 4 124 0 102
    159 191 205 31 251 96 3 36 51 141 3 126 159 0 27 193 109 122 1 224
    62 142 7 124 7 120 23 192 4 127 240 99 64 127 157 10 11 159 26 96 79
    137 6 198 63 6 60 220 225 64 62 63 254 64 32 131 248 31 150 15 4 124
    0 103 191 191 205 31 251 100 3 164 35 141 3 126 143 0 26 65 109 250
    5 238 30 28 3 207 7 241 191 248 4 64 15 34 96 194 77 1 3 159 26 127
    244 243 239 125 191 14 59 208 225 204 30 23 227 224 240 126 7 255
    223 255 254 3 242 232 15 2 123 128 0 31 123 127 237 157 224 136 95
    127 183 86 238 255 1 255 255 176 0 0 7 254 223 240 6 126 191 235 227
    247 221 88 62 158 42 0 0 159 16 24 95 4 62 222 224 38 122 0 0 192
    240 31 231 255 3 193 224 0 3 227 0 0 50 0 14 30 251 102 3 134 20 128
    124 255 125 18 30 7 237 255 255 63 154 15 251 255 254 124 23 96 138
    253 251 207 125 1 48 224 228 144 12 63 128 120 30 0 21 254 210 255 2
    0 15 240 240 240 30 1 220 3 251 137 218 156 0 0 34 128 84 47 59 115
    243 157 239 153 127 63 228 35 96 31 65 248 255 190 25 224 4 48 31
    224 215 127 255 227 39 227 189 253 235 31 7 0 236 112 224 184 125 0
    48 222 249 160 1 232 63 56 144 224 6 2 31 0 7 255 248 162 0 217 157
    224 1 175 27 16 115 189 154 186 127 7 52 221 209 0 5 230 126 62 7
    238 7 254 31 240 6 127 255 235 245 255 77 224 63 159 10 159 240 116
    239 118 223 14 59 28 224 201 129 248 39 254 14 0 4 32 31 224 255 127
    255 227 101 242 191 240 35 159 4 128 14 64 0 216 53 0 32 157 232 168
    1 249 255 248 48 220 4 0 30 112 23 127 214 228 247 248 191 248 122
    159 123 11 252 124 236 248 111 0 60 220 250 172 6 2 239 240 1 248 7
    255 31 63 214 106 218 230 255 60 122 212 3 255 59 115 253 159 165
    184 127 63 188 254 227 63 30 0 0 0 0 0 7 255 159 253 224 74 226 227
    63 224 72 0 15 159 251 36 3 31 16 136 31 127 60 226 231 234 14 6 204
    192 0 64 71 255 159 255 128 104 58 235 124 39 64 33 15 159 59 64 205
    157 160 152 124 28 62 66 225 240 1 132 15 63 128 1 199 255 231 240
    31 254 0 235 96 198 95 248 1 152 132 128 50 63 19 120 92 14 60 62
    193 97 5 230 126 62 7 238 7 254 31 240 4 127 253 235 245 255 77 224
    63 159 10 159 240 116 239 118 223 12 59 28 224 201 16 0 0 240 240
    120 94 3 252 3 249 191 224 20 0 16 162 0 0 111 123 125 251 183 222
    154 127 63 174 239 110 15 62 31 198 128 0 0 7 241 159 255 196 0 128
    98 123 0 114 129 1 159 251 0 13 159 0 129 159 255 249 192 235 255 13
    255 255 240 62 7 123 255 222 126 23 64 58 125 248 15 222 0 0 112 231
    176 77 157 160 136 30 0 30 82 248 255 12 0 0 192 0 60 7 255 223 193
    224 106 43 237 1 193 114 0 92 95 123 125 143 255 220 136 127 63 182
    1 226 15 24 0 0 112 0 112 7 255 223 1 192 138 42 156 0 0 162 0 64 95
    123 127 19 191 156 152 127 63 182 27 230 3 14 7 255 192 48 63 7 255
    223 255 132 0 2 34 126 0 99 209 3 159 251 62 12 157 128 128 31 255
    188 214 107 255 14 0 36 252 3 195 251 159 156 15 224 124 0 111 143
    157 109 127 235 96 2 224 33 141 3 126 158 0 11 193 224 62 1 128 43
    124 130 66 71 113 159 192 23 107 232 194 1 192 61 224 47 158 64 188
    17 159 147 120 95 0 36 190 224 5 243 248 34 1 224 6 6 62 207 192 6
    111 143 235 135 247 189 244 0 92 244 132 12 30 16 128 159 0 61 220
    22 126 1 0 8 1 128 112 7 192 127 220 15 255 251 130 0 0 77 0 111 31
    59 121 251 183 220 154 127 63 38 255 2 188 30 0 0 6 1 28 7 224 217
    254 0 120 32 24 120 0 77 97 181 159 58 118 15 159 151 68 183 63 186
    156 71 188 14 7 141 52 2 129 251 255 24 31 142 77 0 45 192 15 67 218
    163 224 10 231 51 138 7 123 190 8 13 160 225 7 6 0 14 252 3 192 123
    159 28 7 224 124 24 111 143 157 77 126 227 112 2 128 1 141 3 126 158
    0 10 65 224 62 1 248 127 225 253 254 6 17 249 192 23 219 192 19 95
    248 157 254 37 159 123 127 253 187 253 139 87 2 44 156 83 112 129
    248 127 248 62 98 4 1 31 128 159 107 226 226 7 240 190 128 10 15 7
    188 17 191 211 25 95 3 38 166 232 77 6 15 207 240 0 16 7 252 31 255
    134 107 127 235 251 6 115 128 62 159 123 0 139 92 24 137 127 14 62
    62 226 255 0 0 15 240 16 240 126 1 208 1 249 191 160 20 0 0 162 0 2
    47 27 118 51 141 31 154 127 63 238 235 232 15 5 238 127 252 7 255
    135 254 231 240 6 127 254 107 161 231 205 192 14 31 75 255 244 122
    111 127 221 14 56 30 224 205 129 128 127 31 15 254 4 3 159 2 30 96
    146 32 7 24 191 132 1 127 100 160 76 156 32 244 159 3 63 222 226 63
    1 252 28 0 0 30 7 240 95 248 0 74 158 34 124 226 13 63 3 158 251 0
    76 127 160 136 93 6 60 192 195 240 1 249 255 240 63 98 4 0 31 192
    150 111 224 227 7 240 190 128 14 15 7 254 3 167 151 24 95 3 60 158
    232 15 7 255 255 139 28 60 87 255 221 252 22 96 254 255 255 255 253
    255 254 220 254 176 205 191 160 133 95 0 62 214 250 185 1 130 62 30
    7 128 71 241 157 246 6 119 120 3 99 2 93 129 0 159 0 255 179 161 255
    119 191 6 35 28 225 255 1 248 127 248 63 224 4 0 31 0 215 127 131
    226 5 240 191 248 3 47 3 192 115 126 31 56 125 3 190 255 232 5 6 2
    140 224 0 0 199 241 225 255 128 127 107 211 2 0 64 0 229 159 27 124
    179 167 222 8 120 30 38 41 97 30 65 192 102 192 32 188 7 244 223 240
    196 160 2 248 97 66 51 255 60 159 251 1 237 191 232 137 253 0 60 221
    111 231 7 31 190 24 0 64 7 250 223 254 4 127 251 227 108 7 77 199 43
    159 59 64 99 191 134 190 125 14 60 209 224 221 7 31 254 8 0 64 7 250
    223 254 4 127 251 227 108 7 69 199 43 159 59 64 99 191 134 190 125
    14 60 209 224 221 1 131 127 178 0 16 7 249 159 254 6 105 126 235 127
    32 29 193 63 159 250 224 139 156 24 137 127 14 56 30 226 255 1 236
    27 224 240 126 87 255 223 240 123 143 203 235 0 199 246 160 11 31
    123 127 237 191 236 136 127 127 181 226 106 161 1 192 119 192 32 112
    7 48 31 224 224 71 222 227 65 120 161 192 5 159 251 0 107 143 0 152
    93 2 49 224 239 14 6 19 255 254 7 232 0 0 93 135 132 191 250 144 15
    25 129 54 28 207 2 195 3 189 135 123 183 223 228 25 225 58 6 6 14 58
    5 253 7 252 239 255 132 226 159 251 248 0 65 0 254 158 187 19 252
    127 224 188 124 30 61 220 226 177 14 7 30 28 3 1 247 205 224 31 4
    105 64 29 254 8 72 3 250 88 10 253 147 92 31 121 162 8 56 58 225 23
    26 0 129 240 240 116 215 255 255 3 251 190 235 28 0 1 162 128 64 127
    251 124 235 243 220 154 95 63 54 111 110 63 30 95 222 0 0 0 7 255
    223 255 132 127 250 235 238 2 67 199 254 159 123 1 244 253 232 184
    255 63 188 254 226 252 225 251 255 4 176 0 0 30 95 135 7 111 199 239
    159 189 189 244 64 100 228 128 4 30 16 72 156 0 61 216 150 254 6 3
