<?xml version="1.0"?>
<opencv_storage>
<desc type_id="opencv-matrix">
  <rows>150</rows>
  <cols>32</cols>
  <dt>u</dt>
  <data>
    1 232 63 224 80 120 0 30 31 0 58 74 127 237 128 125 156 10 227 111
    59 99 235 142 30 152 127 127 246 70 234 1 62 31 156 7 1 255 255 255
    254 31 0 2 138 253 254 13 64 15 244 120 251 31 12 127 161 134 30 0
    61 195 67 18 13 30 16 64 128 127 255 255 220 124 8 234 11 253 248
    128 69 133 242 92 251 48 77 187 224 136 94 0 62 222 102 177 19 249
    254 240 0 112 6 26 95 0 132 123 58 34 128 95 178 2 131 111 59 67 179
    121 223 154 127 255 254 30 239 7 30 127 128 122 5 255 255 245 241
    252 14 2 127 221 120 199 68 1 188 158 251 127 205 179 252 152 95 0
    54 98 227 224 1 252 127 130 0 248 7 124 217 240 22 125 240 61 255
    246 60 97 251 159 123 127 251 156 110 167 247 0 58 193 250 164 1 128
    63 127 143 252 7 55 159 0 7 131 208 96 1 0 13 243 129 159 27 99 253
    157 227 188 127 6 60 221 225 222 1 255 254 190 15 252 87 255 159 240
    5 255 210 232 0 3 141 0 0 31 27 99 237 141 167 184 127 2 60 249 224
    248 13 6 8 11 128 120 103 254 115 252 0 192 112 235 96 2 68 1 28 155
    249 96 79 141 156 132 112 127 222 106 19 208 15 31 220 0 1 126 7 241
    31 255 0 72 11 227 124 2 69 133 60 159 123 118 12 159 128 154 95 255
    236 214 227 241 30 127 142 123 4 126 7 251 255 223 7 67 111 211 126
    255 204 0 13 223 251 123 157 247 248 136 95 8 32 18 227 0 6 0 12 24
    0 192 6 128 95 14 4 255 208 96 0 0 1 143 241 15 27 0 251 189 168 254
    125 63 252 217 193 247 2 241 30 120 3 227 134 63 223 194 4 255 194
    107 4 177 135 255 139 31 11 127 50 63 23 126 127 2 61 253 97 57 6
    127 206 224 0 0 7 251 31 249 196 98 30 99 252 255 242 48 10 223 59 0
    207 159 0 136 63 0 59 150 234 41 13 31 220 192 0 126 7 241 31 255
    128 72 10 226 124 2 65 5 12 159 123 114 13 159 160 154 95 255 236
    214 107 241 15 31 220 0 1 126 7 241 31 255 0 72 11 227 124 2 69 133
    60 159 123 118 12 159 128 218 95 255 236 214 227 241 6 3 142 64 1 32
    6 128 95 31 4 95 192 100 2 0 2 23 242 15 11 0 0 63 147 2 173 191 252
    208 96 31 30 127 174 116 7 254 119 249 241 231 134 64 45 211 127 255
    201 63 13 159 123 123 205 231 248 202 55 0 2 28 227 66 1 255 255 192
    48 62 23 255 223 255 232 78 154 59 127 130 68 5 35 159 251 115 205
    191 224 138 95 127 189 194 107 240 4 0 68 0 0 32 7 0 95 195 132 127
    240 96 0 3 66 28 0 15 27 0 35 61 147 130 125 191 253 208 96 255 15
    14 8 64 0 48 7 232 95 124 32 111 255 231 248 66 70 137 254 159 59 81
    251 185 252 128 239 28 59 64 226 229 1 223 62 62 7 252 7 255 159 252
    7 255 128 98 0 0 141 7 251 31 27 99 109 157 225 184 127 2 60 249 224
    190 115 253 231 248 253 224 8 12 127 96 255 255 224 255 253 255 189
    249 255 227 3 0 51 63 155 56 96 0 30 254 237 129 1 236 28 224 17 226
    7 240 103 192 104 136 52 227 0 119 128 32 11 159 59 71 18 92 7 8 125
    191 250 35 105 64 14 0 134 0 0 48 7 128 31 7 134 95 192 98 194 56
    114 159 251 207 59 0 13 158 16 130 191 191 248 208 192 71 1 130 222
    192 16 32 6 16 79 199 128 79 242 99 0 1 194 0 10 15 11 0 2 61 19 138
    176 191 253 80 104 63 24 0 197 240 245 124 30 7 220 3 251 128 203 28
    128 1 162 0 84 111 123 123 205 187 236 136 127 255 236 107 238 19 51
    253 231 248 253 224 8 44 126 96 255 255 224 255 245 255 191 248 253
    227 3 0 35 127 155 56 96 0 30 254 233 1 5 6 31 60 0 2 7 192 127 252
    23 127 32 253 232 0 93 36 252 31 10 30 18 126 223 90 71 255 242 62
    224 184 18 0 193 240 244 126 30 7 222 3 251 128 75 28 0 17 130 0 84
    111 123 115 205 187 224 136 95 255 244 99 110 3 122 0 0 0 0 20 7 191
    31 131 196 111 255 99 135 120 32 0 3 95 248 44 143 154 24 129 31 127
    185 58 22 7 1 241 255 240 189 118 6 19 159 131 15 154 24 98 6 57 137
    252 122 223 123 0 76 63 32 154 95 3 60 105 104 43 30 0 198 64 128 96
    7 128 95 7 132 64 0 100 194 24 99 143 251 79 27 0 0 29 19 136 109
    191 254 88 97 7 1 224 38 130 28 120 71 253 153 240 228 55 224 123
    113 226 127 255 190 159 123 125 251 244 220 134 127 0 59 209 115 198
    1 179 255 224 0 59 71 255 159 255 4 76 4 99 127 252 13 255 171 159
    187 99 37 158 245 8 190 14 56 80 227 240 1 255 254 190 0 248 71 255
    159 240 5 254 208 235 4 131 141 64 74 31 58 99 113 157 167 184 127 2
    60 249 226 188 254 7 140 2 0 21 127 255 254 31 0 128 159 221 254 12
    64 15 253 120 252 144 237 191 160 134 94 254 85 194 19 210 1 223 62
    12 1 224 7 240 31 248 4 60 128 34 97 130 76 3 43 159 11 66 48 12 7
    119 240 14 44 209 225 210 1 253 255 224 0 26 71 241 255 252 132 72
    254 34 63 224 45 255 2 159 91 243 33 191 148 10 127 14 58 80 227 248
    193 249 127 73 255 224 0 0 31 0 23 255 254 32 7 241 189 223 186 175
    5 128 245 152 225 181 239 1 41 28 29 102 1 255 254 112 0 248 7 255
    159 134 6 127 254 237 255 255 157 255 192 127 59 123 243 252 255 152
    127 63 190 24 227 246 5 255 255 176 0 0 7 255 159 255 134 2 96 107
    255 255 114 191 235 159 106 160 79 157 24 136 31 0 61 82 225 145 0 0
    110 122 7 254 87 255 255 31 133 255 255 223 251 8 121 255 252 94 251
    121 253 249 232 190 95 4 52 249 226 230 18 233 220 224 1 224 70 187
    159 195 0 107 70 99 64 61 129 10 131 158 59 0 17 156 3 136 126 26 56
    22 225 6 63 255 255 154 0 252 127 255 223 224 214 95 202 189 199 255
    255 254 1 127 251 113 253 191 232 190 127 0 53 222 238 43 0 0 12 0 0
    24 6 1 28 252 4 124 62 226 40 128 4 32 127 143 122 127 147 158 28
    128 167 127 234 24 226 184 1 192 63 240 30 0 7 112 31 240 23 126 7
    226 33 192 29 1 5 159 4 128 251 202 104 232 183 6 40 57 241 200 1
    192 46 62 7 248 4 0 95 0 7 248 208 108 3 1 141 211 128 111 27 67 244
    253 225 190 127 31 252 220 227 207 1 232 63 252 19 202 4 0 99 240
    127 127 255 255 241 254 63 255 254 143 27 127 243 225 239 123 231 0
    56 157 232 167 5 255 254 240 0 57 7 255 159 246 0 74 24 99 255 255
    76 63 171 159 251 67 4 189 228 136 126 14 58 0 227 248 239 127 255
    130 24 0 123 255 222 31 6 0 122 253 255 175 252 15 220 96 246 176
    207 189 216 131 158 0 23 80 251 208 112 192 0 64 240 118 30 3 156 0
    104 26 218 20 0 80 128 0 64 111 123 48 101 191 160 138 95 255 228
    192 22 12 1 192 14 192 1 192 7 56 95 192 4 127 220 43 1 192 157 0 10
    31 27 1 253 157 232 254 117 31 249 158 224 101 1 192 126 62 1 248 6
    0 95 128 4 255 240 104 1 0 137 195 0 95 26 67 253 253 232 254 253 31
    252 220 227 199 1 255 254 128 1 200 71 225 223 248 4 105 224 32 63
    226 77 125 3 159 59 124 75 189 223 121 191 15 58 80 225 232 143 63
    255 192 0 0 123 255 222 31 4 0 126 253 255 175 124 7 212 96 230 176
    143 189 216 129 158 0 23 16 235 209 1 248 63 251 158 246 7 127 159
    192 23 255 194 43 133 255 157 255 129 95 69 252 253 159 232 184 95 7
    60 221 227 0 1 238 127 240 63 97 247 255 159 240 55 123 110 226 97
    231 124 41 2 186 3 254 19 254 223 26 126 4 58 30 233 192 6 0 207 248
    5 252 127 255 220 13 143 98 250 20 3 1 98 0 84 127 123 127 239 187
    220 152 127 127 230 255 226 127 254 55 247 196 127 5 249 236 224 247
    254 64 15 223 255 254 127 255 188 192 196 128 12 159 0 64 0 128 30
    132 237 199 30 39 198 0 0 48 6 128 31 247 134 104 176 107 240 127
    114 143 251 143 59 64 77 157 144 129 63 63 254 210 224 33 6 31 190 4
    0 7 135 247 159 31 4 5 196 100 15 128 92 116 1 190 232 142 4 124 33
    71 159 255 249 129 226 62 30 108 198 18 0 48 7 232 31 241 134 67 128
    107 240 127 114 188 123 207 58 64 5 157 144 137 119 63 190 214 226
    33 254 127 231 192 122 7 25 239 220 55 254 79 159 253 255 254 127
    255 252 224 196 128 12 187 128 66 0 0 31 148 191 225 51 63 254 128 0
    2 4 204 126 31 132 127 255 255 255 168 140 15 254 95 123 90 16 245
    220 65 167 0 59 16 234 241 7 63 31 120 2 67 255 255 240 124 31 126
    47 127 248 238 93 233 3 123 11 254 19 131 223 120 126 12 30 188 225
    192 7 255 254 0 0 64 7 225 223 248 4 71 248 34 63 226 76 65 3 159 59
    123 181 185 249 25 127 31 187 16 227 252 193 249 255 240 63 248 120
    47 242 97 255 123 59 150 247 247 187 255 255 47 27 117 251 131 142
