<?xml version="1.0"?>
<opencv_storage>
<desc type_id="opencv-matrix">
  <rows>150</rows>
  <cols>32</cols>
  <dt>u</dt>
  <data>
    13 6 46 62 7 254 31 255 158 60 132 32 6 102 185 194 124 0 64 127 59
    103 252 158 39 125 255 0 28 81 224 174 1 224 31 224 81 184 7 112 103
    240 52 12 113 226 32 224 28 44 0 159 59 67 48 0 7 138 189 6 55 0 225
    224 6 0 4 96 6 24 7 240 1 227 128 128 3 27 64 16 67 250 128 159 10
    195 0 0 4 0 49 12 44 21 99 14 14 7 8 0 0 131 247 223 128 30 4 103
    192 194 124 8 77 7 254 216 251 3 240 6 32 121 152 8 41 152 98 248
    249 255 120 128 96 7 247 255 233 254 56 95 255 219 255 255 221 100
    63 216 252 144 4 125 224 98 152 0 23 236 159 60 255 255 255 240 119
    124 248 255 194 119 104 138 255 253 254 255 133 113 254 241 251 246
    79 31 30 218 126 0 30 68 110 232 1 144 62 0 0 0 7 248 31 216 4 192
    127 99 12 192 93 240 239 159 8 0 0 0 0 1 31 6 58 28 64 185 6 0 0 96
    6 31 247 255 129 241 192 96 15 192 99 114 105 251 5 152 202 255 0 6
    4 0 31 12 4 60 227 206 254 127 192 3 96 60 127 255 151 193 224 0 143
    239 253 255 178 255 255 124 250 60 207 194 248 134 31 48 61 208 14
    193 65 192 3 27 201 254 6 48 103 192 127 127 143 227 0 240 183 186
    10 159 123 28 238 115 152 156 93 2 59 254 147 65 1 156 63 1 128 158
    7 120 127 220 7 125 254 227 143 128 92 36 111 95 120 127 240 124 236
    33 159 6 56 30 194 56 62 127 128 120 0 215 244 255 161 247 255 255
    249 111 255 255 191 250 255 208 251 124 251 97 222 184 88 0 28 127
    231 7 7 255 255 65 134 0 8 78 30 60 23 124 63 230 253 231 189 173 67
    99 0 128 3 130 2 4 165 0 18 30 192 241 0 2 60 224 240 248 7 0 223
    254 32 154 159 226 2 0 77 0 1 159 59 83 255 191 236 154 127 127 246
    209 99 63 1 192 35 112 240 30 4 0 31 128 119 255 254 34 3 121 186 90
    0 239 123 191 0 120 4 106 159 1 32 27 239 78 127 255 240 0 96 129
    247 255 236 126 48 103 255 253 255 254 29 3 254 144 171 0 242 122
    232 57 216 0 25 212 173 159 5 4 0 8 0 7 199 241 129 248 4 62 0 0 112
    98 68 33 59 158 250 60 96 0 0 54 95 12 40 97 225 192 6 192 207 240 0
    131 231 255 231 227 192 111 127 217 99 118 98 31 188 159 11 127 178
    114 255 57 252 30 55 1 225 10 13 14 94 62 7 119 135 255 15 28 132 3
    131 226 128 3 66 4 74 126 202 142 0 92 23 3 30 30 60 150 224 51 14 7
    143 224 255 252 75 141 16 39 59 31 220 239 246 63 64 95 254 102 255
    97 255 133 40 186 206 0 57 231 115 70 209 255 255 240 38 0 8 0 15 30
    6 65 15 230 255 239 188 23 154 231 2 128 51 11 7 9 101 1 52 152 237
    222 126 127 227 0 224 243 249 255 224 231 151 96 2 221 255 255 254
    63 252 225 59 127 178 124 15 28 98 0 30 58 133 83 126 230 3 127 111
    255 219 255 223 3 255 255 223 16 87 255 255 250 63 230 251 127 236
    251 228 190 94 0 52 255 175 15 6 7 207 224 7 252 35 192 112 127 250
    109 248 221 255 0 98 5 252 31 27 123 207 135 222 129 167 127 213 98
    234 187 30 7 197 64 3 252 71 192 48 255 218 69 249 192 42 0 98 133
    124 159 123 127 207 135 254 197 167 63 165 66 238 247 23 63 255 224
    6 24 24 10 30 28 30 112 1 230 191 233 157 61 227 99 26 195 3 132 6 4
    37 0 130 190 226 241 6 0 12 97 134 0 7 128 127 199 135 30 127 192 3
    48 65 95 190 158 8 152 0 114 216 2 31 8 42 64 65 134 115 59 255 192
    32 160 200 1 248 15 150 69 224 20 127 252 189 255 243 228 3 52 35
    185 147 43 143 0 45 212 237 240 1 131 28 0 0 6 7 240 103 254 4 63
    249 195 108 0 13 240 47 159 104 60 0 1 0 0 29 6 48 21 65 56 31 255
    255 192 1 2 0 72 15 254 4 79 243 239 255 255 221 255 255 199 27 6 0
    96 23 105 161 25 157 16 237 252 6 0 12 126 7 254 7 240 1 243 132 128
    0 25 96 2 66 0 16 159 11 255 203 0 15 128 51 12 32 24 97 11 1 192 35
    51 0 0 4 16 31 128 23 104 16 2 67 120 187 250 1 159 4 224 255 157
    232 136 119 3 36 30 129 15 249 255 255 225 248 227 255 255 252 48
    247 127 190 61 239 247 127 255 218 112 231 16 36 191 209 156 94 0 26
    255 28 191 19 255 255 240 4 0 8 2 14 62 6 64 15 100 255 239 188 19
    154 227 2 128 51 10 23 8 101 1 220 24 233 222 253 63 255 255 191 252
    225 222 99 143 31 255 241 255 255 125 221 31 156 209 20 195 79 132 7
    225 160 0 24 127 223 71 1 140 15 240 80 24 25 124 29 216 127 111 63
    171 192 79 123 248 3 95 63 75 149 216 232 72 167 0 18 28 178 47 145
    255 255 113 132 0 8 2 14 30 7 64 3 100 255 239 189 87 154 227 4 192
    51 10 23 8 101 1 220 28 229 222 1 132 8 1 216 156 7 240 103 240 37
    252 152 147 112 226 92 105 13 159 252 5 255 125 44 161 177 6 32 255
    19 224 7 12 8 224 1 56 7 196 30 60 120 73 254 108 232 128 69 5 242
    31 27 67 145 156 127 9 39 63 216 32 224 244 7 255 255 192 31 160 6
    96 247 126 6 127 233 166 248 15 64 0 161 174 3 24 243 243 219 35 188
    0 53 214 241 131 127 255 162 12 1 159 135 255 239 240 54 64 243 235
    255 255 253 255 255 254 248 31 0 117 7 117 158 0 61 92 151 252 0 0
    222 27 12 127 7 255 223 247 134 70 10 57 0 0 98 0 0 31 250 63 108
    255 240 132 95 127 63 214 194 63 31 127 221 224 1 240 127 255 153
    222 40 65 255 216 56 3 193 63 254 159 59 123 245 155 249 153 127 0
    11 46 233 192 255 255 176 1 224 23 30 255 159 224 52 100 15 235 255
    255 189 255 255 252 252 141 252 126 104 132 159 0 59 156 31 248 126
    0 128 3 252 113 199 159 255 7 232 128 251 227 214 60 98 159 254 126
    251 60 251 117 232 128 94 255 247 104 31 3 97 208 49 57 248 126 6 31
    223 128 63 139 254 235 143 153 156 0 68 127 251 123 253 255 252 152
    127 127 184 97 22 24 6 31 255 232 7 248 7 192 48 255 240 67 237 208
    42 0 50 245 252 31 27 123 235 135 223 156 103 63 227 234 232 254 65
    132 39 176 16 8 25 124 29 216 255 111 63 43 193 79 123 248 3 111 127
    75 149 216 232 72 167 4 147 28 186 47 1 135 127 240 16 192 7 125 223
    254 23 109 159 251 234 7 92 0 62 159 99 29 243 127 232 185 223 4 54
    232 225 247 1 134 63 240 16 192 7 127 223 248 23 111 223 235 255 206
    125 65 63 159 3 25 242 127 232 185 223 4 52 248 225 252 1 135 127
    240 31 254 7 127 223 254 23 60 186 255 234 7 93 0 12 31 107 127 252
    253 231 122 223 6 62 193 232 255 1 135 127 240 48 240 7 64 95 254 15
    143 255 227 0 0 77 0 13 159 27 64 115 159 131 153 125 191 252 192
    233 222 1 248 63 176 0 88 6 112 95 240 63 111 228 235 109 224 189
    245 187 159 27 66 3 30 23 25 125 2 56 252 235 252 7 12 9 224 0 0 7
    192 30 124 120 103 254 236 40 128 5 33 114 31 27 65 243 156 126 57
    103 63 217 32 232 249 126 127 244 6 37 57 249 255 224 119 196 64 40
    157 207 7 224 23 254 96 155 102 11 143 23 134 32 252 199 82 238 126
    0 0 13 240 16 112 119 255 157 240 59 139 194 96 0 128 69 96 3 159 59
    116 147 143 158 137 127 127 236 168 226 188 1 240 254 190 7 254 6 51
    31 99 196 48 191 226 71 242 161 16 12 159 123 63 236 123 167 253 95
    3 63 209 237 15 31 63 255 248 48 112 39 254 199 223 255 127 230 255
    255 255 255 222 94 112 187 8 250 94 120 152 120 0 24 126 232 23 22
    48 135 64 0 128 8 0 16 7 206 111 208 4 127 252 34 127 251 239 27 99
    243 133 174 40 231 31 225 66 227 192 4 3 31 224 220 248 71 249 255
    198 59 7 251 19 68 63 94 0 43 159 63 127 243 241 254 152 127 0 37
    162 51 1 6 127 14 54 7 255 199 255 223 198 7 104 14 43 15 167 205 15
    131 31 123 127 203 123 223 137 159 14 56 184 227 242 129 177 255 158
    3 15 132 0 39 7 196 113 225 226 63 248 189 255 255 207 70 190 0 97
    23 101 159 1 44 16 239 250 1 134 31 241 223 248 7 240 29 254 63 137
    255 195 12 128 93 51 237 159 7 227 243 143 223 137 119 6 38 87 225
    153 127 255 160 0 192 151 134 255 239 240 116 96 11 235 255 255 189
    255 255 190 251 31 48 115 37 52 223 0 61 92 7 252 1 248 59 240 209
    240 6 0 31 240 63 120 64 99 37 224 157 249 59 143 27 96 3 131 159
    136 55 7 56 124 177 232 7 255 255 251 31 248 8 0 92 127 6 115 207
    156 255 230 60 9 180 167 27 64 235 187 158 134 97 0 20 218 233 224 0
    0 0 96 5 248 0 0 30 0 8 128 136 100 0 0 130 0 0 111 27 67 100 191
    135 152 103 63 254 227 96 0 98 192 0 0 240 126 215 255 159 0 104 127
    248 108 128 80 132 0 82 127 251 126 15 181 220 136 95 127 186 194 18
