<?xml version="1.0"?>
<opencv_storage>
<desc type_id="opencv-matrix">
  <rows>150</rows>
  <cols>32</cols>
  <dt>u</dt>
  <data>
    62 126 0 8 64 135 159 255 143 192 228 101 254 107 255 255 253 255
    235 236 248 15 240 88 36 53 223 0 57 92 19 233 14 118 7 248 85 252
    251 255 223 131 240 127 223 253 223 255 255 250 3 224 251 125 255 63
    172 190 94 0 20 255 235 15 1 6 29 61 131 255 199 237 241 252 31 233
    255 223 224 0 77 79 255 158 249 63 236 189 160 249 95 0 54 108 194
    214 1 192 9 123 69 244 7 240 97 240 59 127 255 219 32 192 29 184 191
    158 59 16 239 51 155 148 81 0 38 254 161 161 1 224 16 120 64 92 6 48
    7 192 59 255 224 35 0 241 151 184 1 159 123 0 12 0 16 154 93 2 48
    222 174 225 29 4 0 0 65 63 247 255 128 124 96 120 3 192 120 192 127
    225 124 152 187 102 0 4 7 8 30 16 44 28 4 245 19 251 255 248 17 126
    4 0 1 227 7 255 15 211 7 19 141 23 188 143 59 102 0 6 7 152 81 0 36
    62 233 122 1 224 8 56 64 240 7 112 7 224 57 255 223 195 32 240 140
    120 13 159 123 67 240 0 36 156 125 2 32 254 35 224 5 222 28 224 1 32
    7 244 29 240 104 96 56 104 0 131 69 96 18 159 27 64 3 143 7 8 55 63
    218 32 233 248 4 4 8 56 0 71 199 249 135 248 4 251 195 195 224 66 76
    33 63 158 234 60 0 0 0 30 94 12 44 41 97 224 5 132 8 96 192 124 7
    240 1 248 9 159 128 0 112 226 77 105 0 159 251 67 239 2 44 154 112 4
    37 193 99 224 5 134 28 0 0 7 199 241 227 252 4 24 0 27 112 66 69 1
    59 158 234 24 4 112 224 2 24 14 48 0 97 192 1 196 12 104 1 248 7 240
    119 240 8 22 160 2 96 226 76 41 0 159 59 67 108 248 255 190 113 6 51
    224 99 224 6 0 12 0 0 6 7 240 1 243 132 0 0 24 96 18 66 3 49 159 106
    60 0 0 0 0 23 12 32 17 97 70 1 14 24 48 1 63 247 227 144 124 0 232 0
    80 96 0 65 255 190 159 251 127 17 134 119 72 190 6 40 28 231 193 13
    6 14 28 3 206 23 255 158 60 4 57 132 103 248 66 95 233 227 127 59
    107 252 158 103 127 255 4 56 209 226 228 12 6 8 8 1 205 247 255 128
    124 4 119 195 227 248 14 77 231 252 152 187 0 108 4 0 126 216 4 13
    216 97 252 126 103 196 128 32 124 59 254 231 7 192 130 190 253 247
    127 224 15 190 227 251 67 76 30 4 130 124 56 30 193 31 6 62 127 197
    112 144 28 24 223 29 143 203 143 255 239 255 125 129 255 62 224 249
    129 239 4 40 184 222 0 25 254 226 70 5 222 29 224 0 0 7 244 29 240
    120 111 190 108 32 130 69 96 18 159 27 64 3 142 7 8 55 63 218 160
    233 184 12 6 4 8 0 223 199 255 143 199 192 65 255 107 254 255 65 255
    235 240 251 15 48 112 39 125 124 0 59 28 67 104 1 148 63 25 128 0 7
    120 39 216 7 95 255 227 95 220 92 32 111 159 120 24 240 96 248 59 93
    6 58 30 194 56 1 15 255 184 0 128 199 249 239 207 6 127 127 227 8 1
    192 4 107 95 74 253 243 116 254 57 223 4 50 40 226 62 30 23 136 0 0
    209 255 255 192 127 4 125 195 253 254 47 65 151 252 160 251 67 240
    28 36 63 248 24 61 212 98 255 5 207 62 0 0 24 7 240 121 246 4 0 0 27
    96 2 77 0 165 159 26 3 4 112 228 0 48 14 32 0 99 30 249 255 112 4 96
    15 135 254 231 248 120 94 15 235 253 207 221 108 254 120 252 144 12
    123 160 66 156 96 60 214 159 176 6 62 14 30 0 7 199 241 241 252 4
    112 191 217 124 226 69 129 28 158 250 60 52 247 248 4 90 12 50 208
    225 205 255 255 255 240 60 127 249 255 227 247 232 139 127 255 255
    191 197 127 255 240 251 127 11 126 30 154 120 0 30 1 111 120 1 132
    15 248 223 248 7 120 31 216 63 122 129 227 16 79 127 240 15 159 11
    64 111 132 3 152 124 4 58 220 225 13 51 123 255 20 3 128 120 3 24 30
    22 124 244 230 255 252 189 231 255 227 3 97 251 140 46 105 175 0 136
    92 237 221 1 208 255 240 54 64 20 22 31 131 214 99 234 32 15 224 191
    255 193 95 11 128 3 191 144 152 119 0 12 28 237 240 1 7 28 0 0 30 7
    240 63 254 6 0 63 163 0 0 73 0 1 159 120 127 3 98 222 0 63 14 50 160
    195 62 237 63 127 225 253 225 231 222 231 28 55 111 231 255 255 157
    255 214 225 96 131 0 32 28 19 136 88 0 52 222 60 63 12 6 12 0 0 155
    247 252 225 247 0 224 0 251 252 63 65 255 189 153 59 111 243 6 15
    105 176 12 24 28 67 232 6 3 159 240 0 195 199 217 239 143 8 127 127
    131 30 9 65 31 239 95 11 127 178 112 255 57 255 14 35 44 224 51 62
    38 128 8 0 207 199 255 143 195 192 65 255 99 254 255 65 255 235 230
    251 15 48 88 39 119 124 0 59 28 67 104 51 255 255 240 60 112 8 0 30
    63 150 96 33 227 255 252 189 255 255 231 7 193 155 198 250 152 97 1
    234 28 249 241 5 15 255 224 53 112 3 240 95 255 196 11 202 227 104 2
    98 0 3 159 27 64 3 159 151 138 103 191 220 147 105 255 13 6 126 62 7
    255 7 255 31 60 132 32 6 230 128 2 65 128 68 127 106 191 4 126 35 64
    31 4 60 17 224 247 6 2 12 0 0 30 7 240 63 254 6 127 191 163 0 0 73
    64 131 159 120 127 3 227 222 0 31 14 34 160 195 62 13 6 0 8 0 192 31
    255 158 60 4 127 192 102 248 66 95 233 195 127 59 97 255 159 232 191
    255 4 29 209 226 228 113 249 252 192 48 49 70 16 199 207 128 128 2
    227 28 56 128 0 15 94 187 0 13 157 0 128 60 2 60 106 110 133 7 255
    255 232 6 224 2 64 127 126 6 95 237 108 255 47 93 1 161 166 3 152
    242 114 219 55 205 0 59 208 225 135 1 192 43 187 216 112 7 50 127
    192 55 98 32 2 1 195 191 255 225 159 127 28 11 118 222 152 95 2 38
    28 147 42 100 6 204 0 0 120 119 255 159 247 132 155 202 227 0 2 65 0
    3 159 251 119 3 159 148 139 127 127 236 145 19 63 1 131 28 0 0 31
    199 241 135 254 4 64 0 3 108 0 77 244 165 158 250 127 0 0 4 0 30 6
    32 28 67 56 1 140 31 192 0 48 7 112 31 200 36 1 240 34 0 195 222 108
    1 159 123 0 0 0 0 139 31 6 50 128 227 224 17 59 220 192 32 0 7 249
    223 207 0 120 26 227 56 56 129 0 11 222 187 0 13 159 128 128 62 18
    60 126 108 141 15 14 206 128 1 252 7 248 247 253 192 69 255 251 248
    14 98 32 127 159 123 121 255 250 248 255 223 28 59 18 234 136 193
    255 255 188 16 0 5 126 15 252 22 96 1 227 127 231 189 244 15 176 132
    128 146 116 120 88 56 0 28 28 249 248 129 255 255 244 26 0 57 126 3
    254 22 110 125 235 255 239 253 125 11 225 6 192 3 128 19 88 33 0 218
    28 249 250 14 54 0 20 1 27 247 254 195 240 22 104 63 253 255 255 125
    253 51 153 58 103 16 10 7 73 176 8 26 156 131 236 3 255 255 192 6 0
    0 0 47 30 6 119 255 226 255 239 188 7 154 103 2 128 35 35 155 37 161
    1 59 216 233 215 6 0 15 240 0 120 23 243 31 143 96 127 168 2 31 32
    123 208 3 159 27 115 3 163 222 152 127 31 226 148 227 254 5 255 255
    250 31 252 24 79 220 63 150 98 248 157 255 191 254 31 129 111 27 240
    207 191 216 136 111 0 6 250 235 115 0 0 205 240 0 0 0 0 15 3 200 126
    52 226 0 1 130 31 75 111 11 0 18 68 31 120 125 159 250 34 232 66 241
    255 122 7 235 1 134 127 15 240 23 112 127 227 127 231 157 244 15 176
    132 128 12 100 0 69 184 0 58 92 21 254 31 255 255 240 48 0 8 120 29
    248 23 64 255 251 255 255 253 127 239 231 27 192 3 157 156 136 113 0
    6 92 235 232 241 255 250 7 168 1 158 127 223 248 7 103 240 107 255
    255 189 143 239 176 196 128 12 92 16 69 28 128 61 222 157 243 97 132
    124 3 128 62 215 255 255 252 128 40 8 123 1 0 73 0 11 159 251 125
    155 255 220 128 95 127 62 33 22 118 31 255 255 240 0 16 8 104 28 248
    22 64 59 191 255 255 253 255 235 231 27 64 3 157 158 136 99 0 6 28
    235 224 6 0 135 0 0 0 24 1 28 7 198 127 224 0 126 248 34 255 227 239
    27 112 115 129 158 43 167 31 225 222 225 192 1 140 31 192 0 48 7 112
    31 216 52 0 48 98 0 195 222 236 1 159 123 0 0 0 0 136 127 6 58 128
    227 224 13 255 255 240 23 252 56 127 220 31 222 106 254 28 255 255
    254 63 225 239 27 240 207 155 216 152 111 0 14 235 235 115 5 255 254
    128 0 28 7 250 31 248 4 7 252 99 255 255 205 127 171 159 123 115 207
    157 156 137 63 255 249 80 227 192 1 200 14 103 223 255 134 0 103 192
    5 255 252 226 0 3 157 255 255 15 125 255 74 76 7 135 159 3 57 220 83
    224 5 255 254 128 1 124 7 255 159 240 4 64 168 99 255 255 93 127 171
    191 123 127 207 159 220 136 63 255 254 208 227 64 18 192 1 240 240
    112 6 21 223 128 251 11 250 232 0 208 178 254 115 31 59 112 11 159
    220 152 127 63 254 230 174 4 6 31 143 224 5 240 7 224 33 255 6 71
    231 224 58 0 122 1 60 159 27 68 115 68 31 154 97 31 207 214 224 247
