<?xml version="1.0"?>
<opencv_storage>
<desc type_id="opencv-matrix">
  <rows>150</rows>
  <cols>32</cols>
  <dt>u</dt>
  <data>
    30 23 207 240 0 240 127 255 158 15 248 79 232 4 159 3 98 5 218 127
    59 124 235 183 222 152 127 0 35 224 234 254 1 192 94 244 3 192 0 0
    15 195 128 62 16 34 4 179 132 0 131 135 3 2 16 12 35 122 33 255 234
    35 233 16 126 31 192 128 0 1 255 255 224 31 224 7 232 29 223 15 114
    2 208 112 186 0 19 7 26 131 152 255 247 146 236 30 192 0 79 193 248
    0 103 0 3 241 135 0 121 224 52 224 34 192 189 146 133 192 3 129 16
    137 32 255 234 32 19 140 51 255 255 224 63 32 8 0 31 30 6 104 0 34
    184 47 133 249 138 103 7 128 4 141 3 72 63 1 60 208 249 172 51 121
    255 184 0 64 8 8 80 63 135 255 162 255 255 252 61 255 255 71 26 97
    179 140 222 120 99 0 30 189 251 98 1 128 47 240 3 224 0 16 15 192 54
    72 0 34 3 255 252 16 131 163 3 3 48 12 7 120 161 159 204 34 225 10 1
    12 8 0 0 208 7 243 223 152 32 95 248 224 0 0 2 0 0 31 123 65 251 189
    168 191 255 63 189 80 226 185 153 3 16 111 70 32 1 64 16 30 56 0 47
    195 248 8 82 15 255 80 2 128 15 139 16 132 32 223 198 66 237 225 30
    127 250 106 7 255 27 255 158 31 6 64 254 236 255 255 255 128 181 231
    59 75 236 126 127 182 127 0 59 80 231 133 4 0 0 0 0 7 231 255 227
    227 104 111 131 211 0 16 66 63 255 152 251 127 16 243 223 72 156 14
    55 161 128 98 65 208 252 192 53 127 7 120 99 227 192 0 3 219 70 176
    0 7 127 159 251 127 12 119 4 128 23 0 61 195 110 81 31 63 255 128 0
    0 24 1 24 63 134 127 248 198 255 252 61 255 255 231 10 224 35 143
    216 56 103 0 10 221 239 26 1 192 254 224 53 255 7 120 103 227 224 0
    3 227 71 176 0 7 63 159 123 63 12 114 7 130 87 0 61 226 110 112 6
    243 8 123 135 240 7 240 25 242 31 247 128 40 100 34 13 33 187 159 11
    192 235 138 7 156 113 0 9 255 225 209 62 0 0 0 192 63 231 252 227
    195 248 136 11 219 31 248 34 126 126 222 251 127 147 115 220 137 95
    126 54 35 6 40 254 255 192 7 111 63 120 255 247 225 224 0 191 235
    245 255 182 250 190 224 251 18 76 183 224 135 156 48 27 210 31 0 1
    192 255 224 61 254 7 120 103 227 224 0 3 235 71 176 0 7 127 159 123
    31 76 114 101 130 85 0 61 194 106 80 126 119 192 104 240 127 11 254
    231 195 225 130 254 239 247 127 226 158 109 231 251 103 108 31 4 158
    125 48 30 193 46 71 13 206 0 14 3 255 135 255 239 240 4 64 127 107
    128 71 86 0 14 31 251 31 252 114 255 117 159 30 59 16 230 44 14 6 14
    62 1 192 55 207 216 63 7 185 218 221 252 8 86 127 245 89 10 81 253
    189 224 121 98 0 20 249 225 240 6 243 9 123 143 240 7 240 25 242 31
    230 134 32 100 34 13 35 187 159 11 192 235 136 7 156 113 0 11 239
    225 209 126 119 16 7 129 188 119 255 255 246 0 128 255 219 108 38 68
    37 37 159 248 125 239 177 252 135 159 255 145 193 23 240 126 124 192
    146 0 48 255 255 216 113 248 66 106 255 255 255 226 127 255 255 251
    116 3 159 156 136 127 0 30 34 175 44 62 95 176 0 0 155 247 255 227
    223 56 64 63 219 206 15 201 23 254 123 251 127 177 247 255 97 190 16
    63 4 174 31 30 7 198 8 0 64 7 251 31 199 132 127 250 99 78 63 99 188
    1 159 26 112 75 157 150 246 127 8 63 208 225 59 13 238 0 96 192 112
    23 248 29 240 41 138 128 227 240 255 69 40 11 159 59 96 11 141 30
    136 119 63 204 197 98 224 126 34 0 24 0 64 7 190 255 131 251 127 251
    227 214 255 227 187 255 111 251 121 241 189 232 120 95 0 62 239 135
    1 1 184 127 240 0 0 7 112 95 216 22 103 255 227 127 252 60 63 173
    159 99 128 0 26 0 24 95 6 61 26 225 98 30 23 198 30 0 240 7 241 31
    223 132 127 254 162 31 129 98 196 3 159 26 97 251 157 238 190 127 0
    35 88 226 252 227 249 255 255 191 0 8 2 31 3 159 104 0 32 31 253 190
    127 130 111 4 192 5 140 3 120 175 0 60 34 249 226 1 255 255 240 0
    112 71 249 191 240 14 111 169 99 32 195 197 104 101 159 123 120 245
    243 248 152 127 6 58 160 234 160 1 224 32 96 64 96 6 50 31 96 118
    111 236 96 1 227 189 249 26 191 59 64 97 255 216 152 127 63 250 126
    229 200 14 127 140 26 0 192 7 224 31 124 132 255 248 32 105 130 77
    71 0 143 10 64 243 129 158 62 103 8 45 29 225 244 62 118 128 224 65
    12 251 191 147 195 232 2 32 3 252 255 226 255 235 231 123 124 11 131
    158 200 31 0 39 162 105 96 14 6 12 96 7 254 247 255 158 124 4 188 34
    199 248 130 68 37 255 159 107 127 15 191 159 130 143 12 14 89 97 240
    14 47 12 14 3 204 71 253 159 254 4 96 200 235 248 63 77 63 255 222
    250 33 255 159 160 245 223 8 61 249 225 0 7 255 255 132 3 135 134
    103 207 62 4 124 6 36 124 175 205 112 161 174 2 143 176 88 39 97 158
    0 56 16 233 152 126 119 224 0 160 31 255 255 225 231 135 64 47 223
    199 63 224 31 255 95 251 127 19 119 223 9 183 0 31 26 6 35 163 255
    255 240 62 0 24 2 28 7 218 111 158 226 126 255 130 96 63 167 7 192 5
    143 0 72 167 1 139 225 249 196 225 241 255 248 63 254 4 16 31 131
    196 120 0 34 15 185 188 30 3 207 7 255 75 189 223 216 127 3 40 65
    255 58 253 255 56 7 253 63 231 254 231 192 4 151 255 99 13 231 221
    127 158 184 244 60 12 161 208 135 28 96 57 208 23 216 4 6 28 11 128
    16 7 255 31 254 7 130 47 235 240 2 72 11 62 159 120 120 253 187 248
    134 127 12 62 129 67 198 12 6 0 20 0 14 7 251 223 252 192 136 32 227
    248 136 68 101 254 223 250 116 13 157 144 72 159 4 62 65 227 244 126
    124 128 64 225 48 255 251 183 193 232 207 192 3 255 255 237 255 235
    239 59 124 11 131 158 136 31 0 37 156 13 232 62 127 196 128 0 120
    127 255 184 247 192 94 224 27 255 255 98 255 235 255 123 124 107 243
    222 150 127 8 47 64 227 0 6 3 142 112 0 248 6 128 255 255 133 154
    255 25 122 0 66 1 5 143 59 120 239 251 220 154 127 63 254 96 227 243
    1 252 28 16 0 6 7 240 31 240 4 120 0 35 124 226 77 225 3 158 122 60
    0 0 0 8 23 6 48 28 193 232 225 232 255 192 120 0 56 18 16 1 250 71
    232 32 3 255 178 136 0 96 183 0 19 139 152 137 160 255 197 134 186 7
    7 255 255 228 7 143 142 103 207 60 4 76 6 36 252 143 77 112 161 174
    2 143 176 92 39 105 159 0 56 16 233 152 6 2 15 176 0 0 7 129 28 159
    6 79 250 236 2 0 64 7 242 95 123 112 3 159 156 139 39 31 173 128 226
    151 192 192 67 248 248 84 4 48 29 227 251 155 218 57 7 240 178 208
    50 159 125 240 109 155 128 154 71 255 220 239 31 15 5 6 46 192 253
    255 247 254 71 28 224 128 60 35 249 140 124 70 3 216 251 38 4 8 7
    135 92 4 19 65 105 52 225 232 63 193 248 0 120 30 16 0 127 65 8 32 0
    255 191 234 0 96 196 128 3 143 24 137 0 255 206 166 154 5 243 255
    255 240 62 0 8 0 30 7 218 111 158 226 126 255 162 96 63 231 6 192 5
    143 0 72 167 1 139 224 249 196 254 2 0 7 128 31 7 250 231 255 128 0
    127 211 254 60 65 191 255 216 252 152 76 243 224 133 152 254 59 64
    19 3 0 208 127 144 0 7 199 56 227 195 22 97 125 99 15 248 189 127
    126 94 234 255 179 96 255 105 157 2 59 28 226 122 30 7 206 0 0 0 7
    255 223 223 132 30 10 43 218 15 99 156 163 223 58 112 139 159 156
    134 127 8 62 145 227 63 193 249 255 254 63 248 4 16 31 131 214 64
    133 226 7 249 190 62 5 207 31 99 237 132 109 182 247 3 161 226 255
    58 14 3 142 112 0 248 6 128 255 255 133 154 255 93 62 0 66 1 5 143
    59 88 239 251 220 154 127 63 254 224 227 251 24 0 0 96 241 225 231
    241 129 224 5 136 0 227 0 0 29 128 15 159 27 102 51 143 23 25 126
    191 236 149 101 15 5 134 28 64 128 16 7 240 223 252 0 139 126 107
    120 130 77 1 63 159 121 65 159 159 232 137 127 12 62 1 67 216 14 127
    14 52 3 175 7 255 31 240 4 249 80 235 252 255 77 127 253 159 59 3
    148 157 163 105 159 0 60 25 225 0 31 63 220 240 48 126 7 251 255 223
    232 139 127 227 184 33 64 3 75 95 251 125 223 245 252 138 95 63 62
    35 110 192 1 136 127 63 3 140 6 0 29 248 7 120 224 99 97 192 63 255
    255 143 4 194 79 141 23 120 167 0 44 89 208 227 5 6 110 30 0 19 247
    237 248 125 134 65 4 125 235 128 96 3 255 94 250 255 179 254 252 5
    122 0 57 16 226 159 31 63 184 112 0 120 3 192 220 254 8 10 168 18
    124 158 76 47 251 143 59 112 75 191 222 138 103 63 238 225 231 80 4
    6 255 240 0 120 7 252 255 255 224 127 190 93 63 0 98 21 20 159 27 80
