<?xml version="1.0"?>
<opencv_storage>
<desc type_id="opencv-matrix">
  <rows>150</rows>
  <cols>32</cols>
  <dt>u</dt>
  <data>
    62 23 11 16 64 24 7 252 215 255 63 75 191 255 254 30 92 3 253 95 250
    96 141 159 232 136 117 0 62 158 146 30 62 55 199 243 255 255 7 253
    223 247 199 131 255 239 255 254 98 191 126 220 251 60 76 124 224 139
    95 0 57 225 82 97 13 6 14 28 1 206 31 255 159 28 4 120 22 111 220
    141 87 228 195 127 123 123 244 220 233 127 255 0 56 81 227 61 6 2 12
    30 0 0 7 240 19 242 4 28 11 235 64 2 64 120 43 159 250 96 251 139 8
    167 145 14 53 16 227 10 28 6 0 0 0 0 7 252 239 252 118 71 255 221
    249 192 127 205 124 159 59 116 155 63 158 105 151 28 29 16 132 230 6
    6 12 6 0 0 7 240 119 246 4 121 2 35 96 2 64 0 43 159 250 32 155 139
    232 131 157 14 60 17 227 11 65 128 103 144 0 0 3 58 63 224 254 105
    224 195 1 87 115 208 4 47 122 124 3 119 158 9 95 4 142 94 255 111 13
    6 8 0 1 227 7 224 255 252 4 23 143 232 56 2 68 97 253 156 59 0 52 55
    161 54 88 12 53 193 193 240 13 6 14 10 0 210 31 255 158 28 4 127 246
    109 248 141 69 164 243 127 122 127 243 220 238 183 223 12 56 81 226
    177 17 59 255 192 0 240 0 0 31 143 4 105 79 226 30 29 140 116 141
    207 59 99 179 143 255 57 119 1 36 16 237 56 1 3 127 128 1 60 7 216
    223 207 6 71 254 227 14 9 216 30 203 95 59 9 221 220 232 137 191 14
    57 26 226 58 4 4 8 224 0 0 7 196 30 60 120 95 254 108 248 128 77 97
    243 31 27 64 15 157 0 139 39 31 220 36 224 248 1 134 63 0 0 0 7 120
    31 220 6 64 242 227 139 0 92 84 79 95 123 0 239 140 8 137 255 6 62
    94 226 62 1 249 255 192 0 208 4 0 31 199 4 104 127 226 14 152 140
    118 28 143 59 67 243 159 255 57 247 3 38 120 235 88 4 2 12 0 1 0 7
    192 39 223 4 63 191 130 2 0 73 79 171 159 59 0 4 99 19 74 61 12 34
    129 225 198 241 176 33 56 224 2 200 0 230 8 127 111 33 36 255 252
    189 255 161 231 68 253 147 98 94 120 79 0 51 172 141 220 4 6 9 63
    194 3 39 192 16 62 31 191 248 20 120 8 93 175 255 153 4 162 4 141 1
    121 1 0 6 159 145 241 15 127 254 0 0 0 8 64 16 126 6 126 0 18 255
    255 77 127 255 167 2 64 3 135 154 88 33 0 14 25 193 240 6 2 12 63
    135 3 23 193 28 31 15 255 0 20 24 0 65 63 196 95 8 230 16 28 23 70
    167 0 2 190 65 248 12 6 14 12 1 222 27 223 158 31 4 112 2 102 159
    143 126 128 65 111 59 107 244 220 111 126 255 0 62 19 226 29 5 174
    28 30 7 143 7 240 31 252 4 112 190 163 112 98 68 1 1 158 138 130 12
    30 33 117 156 14 51 217 225 192 19 57 254 64 0 32 76 1 150 13 132 94
    10 4 31 232 189 255 128 111 11 96 19 143 146 130 127 0 38 24 229 254
    1 255 255 128 0 0 0 0 7 30 6 107 3 230 255 239 189 3 154 231 3 64 19
    143 31 8 37 1 52 24 233 214 62 31 220 240 0 103 247 236 224 127 1
    128 5 159 254 0 68 103 237 16 235 29 178 98 126 137 64 255 194 33 97
    240 19 207 220 192 0 16 6 0 31 127 128 72 14 100 128 3 131 240 0 47
    123 0 13 155 160 129 63 0 60 214 106 45 1 255 255 128 0 0 0 0 23 30
    6 107 3 226 255 237 189 79 154 103 2 192 19 143 31 8 37 1 52 28 225
    246 193 128 103 144 0 0 3 58 63 192 254 105 224 227 1 211 243 208 4
    63 62 92 3 119 222 73 55 4 142 94 191 79 65 251 255 192 48 62 6 0 31
    143 232 74 67 227 24 56 128 0 10 223 251 2 12 140 0 128 31 0 60 32
    110 141 1 134 60 2 0 28 7 248 31 254 4 112 0 99 104 30 77 64 43 159
    248 192 207 140 24 134 61 14 60 80 227 60 127 255 250 8 129 224 241
    254 99 248 6 127 163 239 255 255 253 255 255 241 27 64 3 132 31 94
    96 0 30 209 148 128 17 160 0 112 241 248 70 13 159 0 121 234 240 237
    149 249 141 252 30 111 59 116 75 157 151 152 127 255 252 252 100 224
    1 204 30 192 0 30 7 112 31 240 4 0 112 34 32 194 12 44 1 159 123 26
    12 121 224 137 31 6 54 0 227 224 193 232 103 240 112 95 6 48 127 224
    247 138 63 226 1 115 178 136 60 159 255 187 236 250 232 152 95 2 58
    65 250 199 1 220 255 224 0 48 7 112 25 248 218 96 0 64 1 130 32 32
    28 159 27 96 3 143 158 136 103 31 204 96 232 248 6 224 5 248 7 255 7
    249 223 225 200 79 255 131 112 118 2 169 43 158 251 191 244 120 225
    121 223 255 243 34 227 193 2 9 13 224 0 0 7 192 30 60 120 64 114 108
    184 0 5 103 242 31 27 64 11 157 0 136 39 63 220 32 232 244 1 134 60
    64 1 32 7 240 23 252 4 126 63 3 0 0 77 64 11 159 11 2 4 131 225 72
    189 15 34 1 225 222 1 29 221 224 0 0 7 192 28 125 232 64 0 108 8 128
    0 39 242 31 27 96 3 143 22 9 39 31 220 226 232 248 62 63 160 30 3
    239 251 255 34 28 248 96 119 239 255 255 125 239 255 112 170 31 36
    96 87 117 136 16 31 124 237 181 62 55 192 0 0 176 121 236 32 255 192
    140 0 255 254 255 67 255 239 225 59 127 179 167 223 40 225 0 11 149
    69 224 6 63 255 240 63 128 248 143 248 31 133 137 127 220 191 169
    169 31 92 97 7 255 179 243 255 123 175 255 210 33 120 246 6 127 13
    123 220 112 6 128 199 252 11 191 136 194 120 127 197 0 28 175 101
    132 11 31 0 152 93 9 56 237 67 197 5 236 0 240 1 255 135 249 255 248
    248 45 255 155 112 230 71 173 47 158 251 63 244 122 249 121 159 255
    243 39 235 225 1 253 255 224 0 48 6 97 156 120 222 104 0 0 41 194
    182 224 0 143 59 112 11 159 156 136 127 63 236 168 234 249 1 192 3
    11 197 252 7 56 31 192 55 90 14 99 0 125 191 202 3 159 59 0 76 126
    32 134 127 2 56 94 131 69 249 255 49 128 96 7 135 127 239 240 122 95
    210 251 255 255 221 115 61 144 244 8 52 124 224 34 152 224 61 228
    158 78 254 6 128 0 224 31 199 253 231 247 224 128 5 219 98 7 64 0 61
    156 248 63 204 118 248 193 159 255 251 32 31 254 96 128 0 0 240 255
    199 31 239 128 41 187 128 227 128 248 133 126 127 95 251 127 179 63
    143 138 127 127 188 129 22 32 4 0 12 0 0 0 23 129 28 7 132 120 0 0
    14 0 65 255 227 159 26 96 155 141 248 133 39 0 12 17 227 254 7 63
    255 240 63 131 248 207 240 31 128 141 127 220 191 169 137 7 92 97 7
    255 147 243 255 123 163 255 210 33 120 246 6 19 255 128 0 152 7 153
    159 143 6 127 255 227 30 57 193 7 235 95 123 25 252 252 232 171 191
    8 48 24 227 62 1 232 127 240 7 224 6 49 159 224 7 47 252 35 112 252
    156 127 3 159 11 119 179 153 159 121 255 255 250 1 225 224 1 224 15
    240 21 224 6 32 31 224 223 127 128 98 65 242 183 235 2 159 11 0 107
    30 18 152 127 3 56 254 225 69 129 233 127 255 31 192 24 15 30 0 7
    254 0 103 208 125 146 0 67 111 4 230 99 141 7 126 239 255 253 251
    248 1 1 128 28 96 0 62 7 248 7 248 6 64 31 227 124 248 13 60 11 159
    251 2 12 204 96 136 29 14 58 208 227 96 96 0 67 192 240 16 4 0 31 3
    254 79 254 98 3 56 178 248 69 79 123 1 240 123 232 139 255 1 57 22
    190 15 126 95 192 0 96 191 199 253 231 255 232 64 13 219 98 7 64 16
    61 158 251 63 252 118 252 129 159 255 251 96 31 250 252 6 194 128 32
    7 199 255 239 221 224 69 38 235 56 7 114 192 1 152 244 140 0 126 88
    1 156 255 123 144 63 255 15 127 190 0 0 30 7 248 47 252 4 64 5 107
    252 238 77 237 171 159 250 31 158 114 252 64 183 127 187 16 227 177
    1 217 255 24 0 192 7 254 223 207 134 116 80 239 128 24 130 6 94 95
    59 1 255 157 32 252 255 255 253 94 226 17 17 249 244 114 6 48 87 245
    216 247 129 254 248 29 60 224 4 0 115 158 202 224 13 157 0 136 18 18
    62 251 100 160 3 200 15 192 127 63 4 0 15 192 120 63 63 226 0 3 130
    15 12 143 103 134 4 12 1 66 23 1 38 163 59 97 27 253 197 224 48 240
    30 115 156 249 218 15 248 0 0 194 163 240 1 159 59 112 107 157 152
    137 255 63 173 197 239 233 5 255 254 128 0 24 7 248 31 252 4 96 124
    99 252 254 77 173 59 159 123 73 221 220 104 133 181 127 251 16 227
    225 254 127 161 178 64 0 249 254 99 248 248 15 193 239 255 255 253
    255 255 240 202 128 203 70 24 136 96 0 25 196 175 192 233 0 16 7 224
    4 6 0 30 28 63 255 247 226 192 8 89 255 255 206 244 0 156 76 32 135
    129 101 41 31 23 6 1 148 28 96 135 248 7 240 23 248 15 127 192 3 108
    194 77 52 43 159 27 65 237 141 233 152 125 6 36 253 225 248 6 3 15
    241 223 252 7 248 255 198 31 143 255 195 118 63 76 0 47 159 7 121
    255 244 255 152 127 0 52 190 241 6 126 127 192 0 0 30 7 254 95 227
    192 101 255 227 247 127 224 88 43 223 251 57 252 216 232 133 159 48
