<?xml version="1.0"?>
<opencv_storage>
<desc type_id="opencv-matrix">
  <rows>150</rows>
  <cols>32</cols>
  <dt>u</dt>
  <data>
    251 255 240 111 111 255 68 255 183 240 112 255 255 235 253 255 157
    112 30 92 251 155 252 228 232 135 92 16 57 31 47 120 18 219 223 112
    144 120 6 164 249 247 31 234 62 29 2 0 131 255 254 159 27 91 5 251
    252 152 112 0 58 190 226 63 62 123 128 48 0 252 228 232 227 119 232
    255 249 19 255 254 167 251 255 220 251 124 107 161 220 152 72 0 62
    255 239 1 255 252 224 158 100 87 183 252 1 241 248 145 255 91 253
    255 183 248 127 220 250 188 252 64 104 183 87 0 8 71 174 168 5 255
    127 16 1 224 8 74 30 60 22 111 255 230 252 231 95 192 2 103 3 0 53
    138 123 8 101 0 18 94 225 229 126 127 247 0 161 247 251 255 225 255
    151 96 7 221 255 255 254 15 253 240 187 127 178 126 111 24 80 0 31
    42 221 51 13 6 110 62 7 254 31 255 158 120 132 160 2 230 249 226 120
    0 66 63 59 99 252 157 229 125 255 0 28 209 226 238 62 51 128 16 0 23
    23 190 61 199 200 127 239 67 255 252 99 255 255 216 251 24 12 115
    216 152 87 0 10 254 231 6 63 63 208 224 119 125 251 255 225 222 104
    136 47 255 252 255 197 255 191 241 251 127 79 126 28 202 62 24 30 65
    111 232 13 6 0 12 1 200 27 255 156 60 132 48 130 39 185 194 126 64
    64 127 59 99 253 159 160 125 239 4 12 209 230 238 6 0 4 28 1 198 7
    240 29 227 128 192 15 131 64 16 67 250 13 159 122 28 48 115 227 120
    87 12 36 24 225 14 127 255 255 128 184 243 231 254 231 255 134 64 15
    255 255 239 226 3 255 112 187 27 176 126 239 25 120 0 20 58 218 195
    1 148 63 5 131 248 7 120 71 220 7 127 255 227 143 128 92 52 111 95
    27 75 13 204 95 65 61 4 56 94 208 56 249 255 112 134 96 31 119 255
    63 216 120 92 143 235 253 239 220 109 207 120 252 0 76 163 160 198
    156 112 28 214 30 240 5 12 8 224 0 24 7 196 30 124 120 73 254 108 40
    128 69 1 114 159 27 67 219 156 110 137 39 63 216 32 234 241 127 255
    178 4 65 159 135 255 239 240 54 64 251 235 255 255 189 255 255 252
    248 31 4 117 7 117 158 0 61 92 151 236 9 255 255 224 1 248 7 96 28
    120 134 104 0 18 121 194 118 124 4 159 27 113 203 159 159 136 103 63
    236 40 236 240 1 132 63 121 223 255 7 240 223 248 31 227 255 211 96
    0 93 79 255 158 249 191 244 124 225 152 95 4 53 105 194 212 1 3 127
    128 1 248 7 216 255 207 6 103 255 227 14 1 204 6 203 95 59 95 251
    124 238 161 191 4 57 26 226 58 4 2 14 64 144 240 7 128 223 254 4 154
    159 226 8 0 77 0 3 143 59 81 255 191 232 154 127 255 254 208 67 255
    6 15 206 142 5 248 7 224 97 255 132 127 227 221 250 0 98 1 124 159
    26 67 251 120 30 133 161 127 214 152 226 246 6 3 255 190 4 227 135
    153 159 143 6 127 255 163 30 9 192 7 203 95 10 255 240 120 239 43
    223 0 51 40 224 54 225 255 255 188 59 207 120 124 16 227 135 255 252
    127 255 255 166 191 62 209 4 239 13 128 39 122 131 0 10 191 252 97
    141 255 255 192 48 1 167 252 99 255 150 106 112 235 127 255 127 255
    254 144 135 128 2 4 19 8 48 0 26 30 232 255 7 28 15 224 0 24 7 192
    31 60 40 95 254 228 40 128 71 161 122 31 27 67 149 220 237 11 47 31
    248 32 226 241 1 252 127 240 55 230 7 127 223 248 55 108 159 251 235
    199 189 0 15 159 107 189 253 255 232 248 223 6 62 225 233 254 1 156
    31 240 93 255 135 248 239 248 63 127 233 3 124 220 93 39 47 158 255
    31 236 115 248 152 92 14 34 220 243 88 1 148 31 240 31 255 135 248 7
    200 11 127 223 163 28 207 77 51 235 158 251 47 236 74 97 152 95 6 48
    222 227 152 6 2 12 0 1 254 7 128 103 207 4 153 255 66 2 0 72 87 237
    159 123 127 144 88 127 3 31 12 58 32 67 30 4 0 14 112 128 112 7 0 31
    254 7 155 223 226 8 0 77 0 3 143 59 65 251 159 132 139 127 255 252
    193 67 255 6 23 143 248 5 248 66 128 17 255 132 82 225 194 47 128
    121 133 12 143 27 127 251 128 223 158 103 31 226 84 227 255 1 192 46
    255 31 248 4 52 221 224 5 243 254 157 67 120 187 240 52 159 11 131
    236 253 249 182 97 0 23 220 97 15 14 6 8 0 0 0 7 225 30 124 4 103
    131 230 248 0 77 1 252 159 251 0 144 117 160 133 104 12 47 144 195
    212 147 255 255 100 6 0 8 2 14 30 6 96 3 100 255 239 189 71 154 103
    4 192 19 10 23 64 45 1 156 28 237 222 251 255 240 0 96 0 8 10 31 39
    104 139 255 227 255 255 141 254 62 229 123 0 21 157 240 129 71 255
    202 20 28 4 126 124 0 1 240 60 94 255 223 96 225 128 254 237 247 255
    204 63 255 175 249 113 205 191 248 129 127 32 58 193 23 96 249 255
    240 128 96 0 8 10 31 35 232 139 255 227 255 255 141 254 62 229 123 0
    21 157 240 129 71 255 202 20 30 4 99 249 255 224 60 48 40 0 32 255
    134 104 0 18 127 40 59 255 175 131 3 96 11 131 158 136 33 0 198 158
    249 239 63 63 156 64 135 39 255 255 227 254 0 128 15 219 60 7 77 133
    229 48 235 30 2 98 23 65 24 255 114 1 97 241 1 164 31 240 29 254 7
    120 111 224 7 127 225 163 52 227 93 40 11 31 123 31 236 112 248 152
    93 0 48 220 242 224 129 128 111 158 3 15 134 16 39 129 198 76 65 66
    31 241 255 255 255 175 100 254 4 97 23 97 159 0 44 16 235 250 14 7 8
    0 0 0 71 192 102 30 4 71 195 231 248 8 69 7 252 222 250 1 145 132 32
    89 40 8 61 144 194 208 0 0 94 11 13 255 7 255 223 255 134 66 10 227
    0 0 66 128 2 159 251 127 108 255 241 132 95 127 191 214 211 255 65
    252 127 190 25 224 7 127 223 240 119 111 255 235 245 254 191 249 63
    159 6 1 252 191 163 121 223 0 61 252 249 236 0 49 255 132 3 136 28 3
    30 7 196 112 0 98 63 248 189 255 251 255 26 67 148 194 233 125 174 0
    42 144 233 250 65 192 59 59 253 255 199 255 255 224 23 131 248 99
    129 80 152 2 74 95 251 127 237 241 252 154 95 127 185 225 18 6 17
    240 0 112 240 120 6 1 159 0 63 171 254 239 149 249 156 48 76 111 123
    121 255 253 252 152 127 127 186 235 6 40 30 31 216 96 245 126 31 239
    158 63 9 235 127 236 254 0 65 127 254 127 123 127 147 247 255 137 79
    24 62 61 101 240 3 255 255 228 30 0 0 0 47 30 6 120 239 226 255 239
    188 5 154 103 6 128 3 35 19 64 44 1 52 88 249 247 0 192 14 96 5 243
    6 0 31 0 4 40 138 98 0 81 132 0 2 111 11 2 48 63 3 25 127 191 254
    225 224 0 31 63 184 0 0 2 139 201 136 124 4 127 236 95 255 238 76 0
    30 196 226 28 2 118 26 126 3 255 233 211 96 240 1 0 24 48 128 120 87
    255 159 126 5 139 234 226 32 0 77 0 3 159 123 119 35 159 30 139 127
    127 252 193 67 248 62 47 0 64 209 240 251 255 248 252 57 152 106 159
    240 79 67 251 255 227 59 119 179 63 159 154 122 0 22 30 1 193 24 192
    0 96 225 254 7 160 225 225 249 137 235 219 67 18 57 254 127 159 59
    127 11 191 223 137 55 63 182 149 6 46 2 217 255 127 15 254 20 21 157
    131 135 248 130 24 6 0 129 0 0 31 10 243 109 157 167 124 247 0 36
    222 225 28 31 127 221 240 48 254 63 255 156 127 40 193 255 236 60 0
    1 47 254 31 123 127 179 250 255 153 127 0 15 46 106 240 15 127 255
    250 31 252 121 239 216 63 134 107 254 28 252 143 68 39 212 111 123
    113 239 155 172 137 111 0 10 254 235 209 1 241 254 190 7 254 6 33 31
    227 132 160 159 98 71 50 161 0 4 143 59 19 236 123 165 181 127 7 63
    209 239 31 2 217 255 127 7 254 20 53 157 195 135 248 130 24 6 128
    129 0 0 31 10 243 109 157 167 125 247 0 4 223 225 28 248 51 48 129
    248 4 8 10 31 6 112 12 66 38 159 253 157 124 67 101 244 128 12 140 0
    128 141 225 212 85 30 182 0 192 14 15 15 63 198 0 103 192 4 112 1 66
    1 1 191 255 255 143 252 255 14 35 23 69 159 1 45 84 227 254 254 127
    208 0 32 0 56 255 28 15 232 169 250 109 254 255 162 255 251 241 59 0
    5 137 144 137 32 255 204 99 13 16 63 127 243 112 0 11 254 255 224
    222 23 111 128 29 127 255 253 255 181 230 250 255 179 187 143 121
    190 0 33 158 231 247 231 255 255 143 24 31 94 127 223 14 6 127 14 0
    63 255 190 240 0 238 244 191 156 254 232 134 31 0 52 24 219 232 1
    128 24 48 0 120 247 255 156 62 11 139 194 226 32 0 77 96 3 159 123
    126 3 159 30 139 127 127 172 224 147 236 249 241 244 0 0 0 24 3 28 3
    128 255 218 34 30 241 128 0 3 99 0 0 243 143 0 63 224 255 197 190 77
    128 193 252 127 132 251 132 6 64 15 248 22 100 254 227 105 192 188 0
    1 143 4 0 76 94 19 124 149 255 227 234 152 114 0 192 12 112 5 240 6
