<?xml version="1.0"?>
<opencv_storage>
<desc type_id="opencv-matrix">
  <rows>150</rows>
  <cols>32</cols>
  <dt>u</dt>
  <data>
    143 127 254 224 6 0 121 236 208 127 4 135 240 31 255 62 125 246 229
    192 4 128 251 141 152 129 96 0 5 24 97 30 65 128 119 224 49 224 7 96
    31 120 248 127 192 99 177 224 122 192 235 31 11 0 51 33 155 120 253
    0 56 134 236 135 1 192 119 224 49 192 7 46 31 97 224 127 192 111 227
    242 40 0 67 31 11 0 50 125 19 120 223 0 56 214 236 143 1 132 110 62
    7 254 23 255 158 112 132 160 10 236 241 226 124 0 26 31 58 99 108
    159 167 125 239 0 29 209 226 206 141 255 255 228 6 1 249 96 96 127
    134 124 224 150 255 255 121 223 237 160 4 128 3 133 19 120 160 0 4
    80 233 78 1 140 31 252 2 6 7 96 31 248 6 120 70 2 32 192 93 109 0
    159 74 156 206 122 8 121 31 7 32 29 226 224 1 224 46 126 6 30 7 96
    31 240 5 239 240 0 33 224 29 105 0 159 72 223 206 112 12 201 55 7 32
    29 226 224 59 255 255 224 48 224 232 65 208 63 134 71 248 22 255 254
    188 117 255 230 3 96 99 141 27 185 238 0 45 208 236 186 1 132 111
    224 119 224 71 120 39 248 246 111 225 163 49 192 126 205 235 31 3
    192 179 133 31 121 124 6 52 160 232 165 1 132 63 120 150 216 7 236
    224 120 31 237 143 221 249 192 93 255 188 159 139 211 240 63 164 57
    224 0 53 252 227 252 2 1 255 240 255 64 24 0 28 7 255 232 224 36 158
    56 179 255 114 103 7 224 203 137 158 249 103 0 136 110 232 250 0 0
    14 127 135 62 7 144 31 142 7 64 63 35 0 0 27 254 107 95 104 255 0 3
    7 0 31 6 50 156 194 119 255 255 160 3 68 23 126 255 223 224 96 239
    240 63 255 255 189 239 171 252 252 184 13 189 248 129 30 0 58 156 47
    129 253 255 251 0 240 7 71 253 255 254 62 71 255 251 255 191 221 68
    191 144 244 24 140 244 248 73 152 96 59 168 31 60 5 6 127 240 159
    255 159 255 252 126 23 204 95 253 255 134 125 213 20 95 59 31 252
    127 167 184 223 0 28 92 225 255 1 19 127 129 152 24 24 4 28 63 7 135
    252 124 127 188 125 215 176 143 28 195 145 157 164 1 39 0 9 24 83 30
    15 255 255 204 7 255 24 234 62 119 6 124 15 226 239 55 253 95 255
    175 11 31 240 114 239 118 231 0 11 16 224 254 1 224 63 254 15 248 6
    32 23 240 31 103 196 128 97 226 13 249 53 159 10 195 100 140 231 41
    181 2 33 252 227 232 30 22 0 16 0 129 255 255 224 63 248 111 251 157
    255 232 109 255 255 80 187 127 243 163 143 105 170 0 5 4 231 222 1
    179 255 228 55 191 6 0 239 135 244 64 0 107 255 253 253 31 255 207
    123 127 12 126 247 73 159 1 60 16 238 159 1 31 127 238 7 239 199 89
    231 156 6 127 247 227 24 128 68 7 202 94 2 255 240 112 111 119 159 6
    57 26 224 248 1 158 127 224 28 147 199 249 227 252 6 117 253 27 15
    128 124 16 107 158 198 255 178 96 255 37 222 6 51 58 242 58 254 121
    192 128 240 118 24 159 159 15 248 130 111 231 216 125 162 240 75 103
    251 124 15 155 152 130 95 32 63 98 30 9 13 38 8 0 0 192 7 240 1 252
    0 128 0 0 112 98 68 41 16 159 59 67 112 0 7 56 240 12 32 120 99 192
    1 153 30 96 7 224 7 240 39 254 6 64 127 227 108 0 29 240 175 159 11
    24 0 99 219 2 29 6 34 92 225 24 62 23 224 64 0 56 219 207 222 31 200
    0 14 253 255 63 96 23 245 230 251 69 251 94 12 136 126 56 60 97 239
    30 190 63 59 31 78 31 247 207 230 30 63 112 127 215 255 188 93 247
    229 88 252 152 76 115 216 214 92 0 38 94 147 56 28 0 0 0 0 7 199 253
    249 225 248 127 243 155 205 220 118 254 239 222 251 60 1 189 144 7
    31 0 53 214 172 49 30 0 0 0 0 0 7 248 1 241 196 127 175 251 192 0 98
    254 255 94 58 0 0 2 16 5 17 0 63 144 224 33 7 12 8 224 0 128 7 196
    30 60 120 79 244 108 248 0 77 1 240 31 11 9 240 124 235 41 231 31
    219 32 225 149 4 2 24 96 208 242 199 217 227 143 15 137 127 147 24 8
    66 3 205 95 123 127 243 227 255 137 127 63 162 35 67 157 255 127 252
    224 117 126 248 255 255 31 232 130 121 236 255 191 133 127 254 103
    251 125 207 181 220 158 95 0 60 64 111 252 254 127 192 3 96 63 43
    254 231 227 224 135 255 239 255 255 226 187 222 96 251 0 76 61 16
    135 92 48 29 193 15 193 1 211 254 254 7 252 6 57 31 231 132 50 255
    227 207 50 129 0 3 159 59 83 237 191 255 188 127 3 53 209 236 63 31
    255 255 224 48 64 200 73 8 127 132 31 224 87 255 255 124 1 254 230 3
    244 3 7 23 30 71 0 45 192 232 190 1 211 254 254 7 252 4 57 31 231
    132 50 206 227 79 176 129 4 43 159 27 99 109 159 231 190 127 3 53
    209 236 59 13 206 12 198 7 47 247 255 233 248 8 4 55 251 224 198 68
    32 63 152 227 143 20 124 97 65 152 254 83 3 97 200 3 251 221 224 0 8
    7 240 29 243 138 97 252 96 36 98 128 41 18 159 27 97 203 141 30 249
    55 63 202 32 234 224 15 255 255 240 50 0 249 253 0 255 6 71 225 251
    255 63 254 192 62 224 7 244 3 7 23 88 83 0 13 208 232 62 1 144 111
    228 63 252 3 18 31 1 246 64 7 226 15 247 255 255 255 175 59 91 237
    246 252 248 191 0 43 80 235 222 18 120 0 64 0 4 6 128 63 248 224 0
    119 235 124 248 4 32 187 159 251 24 236 240 248 154 87 255 190 64
    231 144 1 132 27 255 223 255 199 120 231 192 63 191 192 163 128 223
    221 32 11 94 244 191 252 100 109 119 221 6 49 63 18 64 1 191 28 127
    135 255 135 249 175 252 9 191 255 163 124 207 77 35 171 158 248 143
    252 114 97 119 220 14 49 63 99 24 159 255 255 248 126 77 251 255 248
    119 52 250 112 125 255 191 221 255 148 224 230 252 207 245 216 216
    94 0 62 29 235 255 7 63 62 126 7 207 7 249 255 254 7 169 63 195 126
    130 77 39 165 158 202 155 180 243 225 121 222 0 50 57 227 208 1 140
    31 255 223 255 135 248 231 216 63 191 241 35 64 223 221 34 43 158
    252 159 252 112 249 119 220 6 49 127 18 80 6 198 12 30 1 255 199 241
    225 242 4 128 0 27 96 2 76 0 47 158 251 127 0 0 7 8 30 14 32 24 193
    14 62 127 208 2 0 0 251 255 224 255 136 95 248 223 234 15 65 0 126
    112 186 96 11 143 144 131 160 255 205 192 236 63 1 128 16 96 240 124
    6 1 159 96 105 154 154 239 192 120 5 122 255 207 123 115 109 159 228
    154 127 127 188 225 46 0 1 191 63 124 7 207 135 249 239 254 7 137 63
    195 127 130 77 7 37 158 11 159 148 114 227 121 94 14 50 25 225 240 5
    255 255 188 2 192 8 96 31 124 6 127 255 231 248 15 93 128 33 167 4
    128 108 250 216 126 205 0 59 213 224 29 1 128 127 232 3 207 7 255
    223 252 6 124 22 237 60 224 30 1 163 159 123 107 252 220 105 126 223
    14 59 18 227 197 19 255 254 202 5 240 24 73 28 127 128 127 143 231
    255 254 129 1 254 227 27 65 251 143 234 150 99 0 13 156 236 158 15
    14 8 68 7 47 247 255 237 252 40 0 55 251 248 198 77 1 62 152 235 30
    4 116 97 67 152 254 91 33 97 196 6 111 143 240 3 239 199 255 175 253
    142 109 252 235 224 7 162 0 12 159 59 127 32 118 23 121 159 191 186
    198 224 15 126 39 244 139 61 253 251 255 227 15 192 126 175 220 251
    63 97 127 252 227 251 127 207 183 220 134 126 48 54 217 95 14 1 236
    31 191 159 239 7 112 31 240 31 101 147 226 112 231 95 255 171 159
    100 63 252 220 227 121 159 6 53 158 209 225 1 224 255 224 48 192 4
    48 31 225 228 95 218 105 71 242 184 18 3 159 27 64 255 159 232 122
    247 0 61 194 233 10 1 255 63 62 7 255 7 248 119 254 7 253 31 227 124
    162 77 39 43 159 10 219 180 242 227 105 189 6 48 56 225 240 65 192 0
    113 240 126 6 31 159 128 63 171 250 239 133 253 156 48 4 111 123 125
    205 157 232 152 95 127 190 235 6 40 1 252 63 240 91 207 7 96 207 248
    63 111 6 211 124 230 93 127 191 158 103 191 180 92 99 121 159 6 61
    164 241 248 1 132 63 96 144 112 107 30 19 0 7 106 56 47 145 255 93
    130 195 111 27 96 51 137 151 136 127 191 218 30 224 7 1 175 127 224
    3 223 7 255 159 252 4 124 22 233 112 0 6 129 161 159 123 107 244 220
    105 126 255 14 59 24 227 193 13 255 254 128 0 60 199 255 223 252 4
    125 128 35 127 255 125 255 139 159 251 124 235 189 220 129 159 127
    60 209 107 255 193 255 255 5 185 7 215 127 223 252 7 112 248 107 120
    79 156 61 171 188 228 16 12 189 160 85 30 239 126 90 209 160 1 132
    247 196 35 255 7 113 223 249 224 80 127 233 65 66 98 10 63 159 123
    63 204 253 225 255 159 7 62 98 236 7 5 255 255 224 30 128 8 64 30 62
    6 127 255 228 255 239 92 3 189 167 6 128 112 10 3 39 173 0 57 222
