<?xml version="1.0"?>
<opencv_storage>
<desc type_id="opencv-matrix">
  <rows>150</rows>
  <cols>32</cols>
  <dt>u</dt>
  <data>
    13 134 6 28 1 254 63 255 156 120 132 49 128 109 241 226 124 113 115
    31 59 115 253 157 229 125 239 0 12 209 226 202 1 132 31 224 255 240
    199 120 103 248 63 111 240 35 56 192 127 237 235 31 3 99 147 133 31
    137 124 4 52 4 248 177 1 224 1 233 221 246 7 48 103 224 251 255 207
    227 0 240 166 232 0 159 59 61 240 3 35 189 221 2 49 254 49 225 1 128
    24 0 1 222 7 96 31 248 4 126 7 192 32 192 13 109 61 159 123 127 205
    128 239 124 55 6 34 145 194 224 13 255 255 252 7 255 194 64 227 125
    198 127 3 151 255 207 123 255 255 175 11 127 242 112 239 122 223 0
    55 156 237 119 1 128 30 0 1 254 7 112 103 240 4 108 0 34 32 192 93
    108 0 159 59 127 242 112 15 120 253 6 49 24 99 224 14 31 8 30 1 224
    55 254 1 254 0 127 143 232 124 2 77 101 252 152 58 0 96 6 3 34 144
    28 21 248 225 248 4 48 47 1 128 30 2 0 31 15 135 71 255 230 255 248
    127 223 194 111 120 127 148 216 124 1 15 0 51 28 195 199 18 241 251
    240 103 127 199 180 227 227 127 104 127 217 15 176 189 159 60 158 11
    255 147 245 255 8 28 0 58 30 237 119 255 255 255 240 126 92 248 127
    247 15 249 138 123 237 255 255 188 127 252 103 255 253 207 181 220
    218 127 0 62 65 255 234 249 255 248 0 240 7 251 127 255 254 56 79
    255 251 255 191 221 102 189 160 244 8 12 124 240 65 152 96 27 168 31
    60 62 54 0 96 64 129 255 207 240 31 244 173 123 157 255 255 125 255
    253 224 187 123 243 189 239 41 186 16 52 29 37 183 1 144 63 97 134 0
    71 249 255 222 7 67 127 195 79 136 93 64 47 158 136 153 157 242 248
    195 28 6 43 30 193 62 1 192 15 237 255 252 7 48 103 224 251 119 223
    226 0 227 134 232 63 159 255 75 252 64 108 245 253 2 57 254 146 161
    193 255 255 3 172 4 94 127 159 248 23 111 128 99 255 239 189 133 171
    188 228 184 205 156 232 129 159 0 60 158 223 251 249 255 121 128 240
    7 247 127 215 252 56 71 255 251 255 255 221 100 173 208 244 0 12 220
    224 64 152 96 63 44 31 52 1 128 47 230 31 191 6 16 127 128 246 64 0
    226 7 195 255 255 254 175 123 255 204 118 253 96 159 7 57 16 235 126
    18 9 24 96 0 64 7 192 28 126 56 65 254 108 40 0 5 1 240 159 27 65
    147 140 31 121 99 31 250 36 225 248 255 255 248 0 96 1 247 255 225
    254 56 111 255 255 255 191 157 198 190 144 226 8 52 118 248 41 152 0
    59 232 157 28 4 3 28 1 129 254 7 240 103 222 7 0 126 226 0 0 77 16
    28 31 59 127 0 28 7 0 61 0 58 0 64 94 6 0 134 30 0 24 7 176 1 231
    132 0 63 251 3 0 99 159 254 31 58 67 0 10 4 0 49 0 58 0 226 71 5 159
    62 3 140 176 7 224 71 254 4 159 143 226 107 2 77 177 60 155 25 3 178
    90 39 7 224 255 245 145 83 219 5 135 62 96 6 31 199 241 159 246 4
    128 0 35 99 2 76 0 161 158 202 255 3 0 4 120 30 14 32 24 99 142 1
    148 63 102 7 188 7 248 119 220 6 113 127 227 79 136 124 80 111 159
    10 153 253 242 248 165 157 0 58 26 224 62 5 159 62 67 156 176 7 224
    71 254 4 151 7 226 43 2 77 145 60 155 25 67 178 78 39 135 224 255
    245 17 67 219 7 255 255 227 189 252 91 255 220 63 6 74 252 63 254 63
    192 7 0 111 59 112 239 191 216 130 127 0 50 250 251 84 1 215 28 126
    6 24 7 240 7 246 4 0 15 3 108 30 77 96 15 159 10 195 0 2 4 0 61 14
    32 20 227 56 109 6 32 193 249 252 123 255 248 60 120 134 235 156 249
    198 125 127 252 63 251 127 239 187 220 130 111 36 7 197 31 184 6 38
    14 30 0 223 199 240 225 252 4 112 127 219 120 226 77 3 28 158 250 23
    242 55 135 124 208 12 58 16 227 196 14 3 8 64 128 242 199 153 227
    143 15 137 127 147 26 9 66 31 205 95 123 127 243 241 255 137 127 63
    178 33 67 90 16 243 254 190 7 252 6 59 31 231 132 50 255 227 79 48
    129 20 11 159 59 112 111 191 154 252 127 3 55 209 236 59 3 255 25
    224 1 24 7 224 28 114 56 97 252 108 32 2 4 33 16 159 27 99 3 141 31
    121 39 63 218 34 235 240 31 255 255 224 48 160 120 237 24 255 4 64
    30 239 254 47 92 0 63 227 27 65 251 141 42 137 226 24 79 16 233 157
    6 72 15 224 3 255 7 255 159 192 4 100 54 233 0 0 178 15 148 31 123
    127 244 124 111 124 159 14 59 26 225 67 126 125 128 16 0 252 92 159
    159 129 248 106 202 44 21 255 166 12 1 111 123 121 239 187 220 152
    127 0 52 226 175 225 113 251 255 224 48 160 60 3 28 31 214 68 126
    226 127 248 189 63 255 251 11 65 251 141 42 169 174 0 11 80 237 250
    6 23 255 248 5 240 8 128 3 159 132 62 96 34 31 137 73 255 3 175 11
    111 179 4 31 30 103 191 202 17 225 246 6 73 143 20 1 223 7 254 223
    131 134 100 54 236 0 0 130 139 229 95 59 15 244 124 111 120 191 63
    187 22 227 135 7 63 255 236 3 255 135 255 159 255 132 100 52 227 127
    236 51 253 47 159 59 127 180 92 127 124 159 14 59 28 225 255 1 255
    255 144 24 0 0 64 15 62 6 95 255 228 255 239 188 3 186 167 6 128 2 3
    19 11 45 0 57 222 241 214 129 249 127 191 15 239 244 115 224 224 7
    240 0 16 32 226 141 56 5 152 4 246 4 31 23 118 26 0 36 254 225 224
    255 255 251 48 160 22 222 255 159 128 23 105 252 99 255 255 189 2
    235 238 248 189 251 220 104 169 223 0 56 126 198 0 1 248 127 240 22
    88 4 64 31 248 22 107 115 227 1 192 157 224 47 159 11 235 147 204
    236 25 119 7 164 28 235 13 1 208 255 252 7 252 6 59 31 227 196 126
    238 227 71 240 160 22 99 159 11 226 111 159 220 254 127 3 61 209 238
    27 1 248 63 244 19 143 6 121 31 224 55 109 147 227 112 255 191 255
    239 159 59 99 252 129 231 105 191 2 45 160 251 225 5 255 255 136 24
    192 8 96 31 126 6 95 255 228 252 239 93 0 161 167 6 0 242 115 163 55
    237 0 57 222 241 149 62 127 128 0 192 20 94 255 159 0 224 111 130
    111 255 255 237 255 235 239 252 125 223 220 104 128 31 0 61 156 19
    236 1 255 255 240 0 112 25 252 29 224 6 67 62 121 3 215 253 255 225
    159 59 64 49 158 96 152 119 0 26 28 227 79 243 253 255 243 252 112 8
    64 28 248 223 66 170 98 63 231 190 33 0 167 27 64 75 159 156 128 99
    255 238 224 255 248 1 206 255 116 3 207 7 237 223 240 134 100 36 237
    224 6 114 0 0 159 59 31 52 124 119 120 191 63 187 120 225 51 1 232
    31 48 0 131 7 121 31 224 31 109 216 35 112 247 191 255 163 159 124
    119 240 157 161 41 223 2 56 30 147 225 1 132 59 112 6 7 199 127 223
    216 31 110 15 227 9 199 93 224 3 158 200 188 0 59 128 8 31 6 56 60
    225 248 62 63 140 67 133 55 251 255 227 255 4 130 1 253 254 7 72 5
    254 160 235 30 2 99 23 2 24 253 255 17 64 251 1 254 63 224 253 247 7
    120 239 248 56 135 2 251 124 238 93 255 191 159 123 31 176 124 103 8
    87 6 61 133 121 252 1 128 247 204 3 254 7 33 223 225 192 112 62 194
    3 82 96 0 125 159 59 115 236 191 163 255 223 7 62 86 236 15 2 121
    239 224 3 255 135 255 159 241 132 108 12 227 127 224 45 115 175 159
    123 127 240 118 127 121 191 14 59 158 227 216 1 176 255 228 51 188 0
    18 31 3 246 76 4 226 31 243 253 255 255 175 27 91 220 246 233 104
    191 0 42 16 239 250 1 132 63 240 22 1 199 255 159 248 31 126 3 235
    224 199 93 248 11 30 206 128 0 0 0 8 60 6 60 30 227 160 0 0 31 116 3
    255 6 7 223 14 14 100 22 236 144 0 66 127 208 111 123 31 244 124 103
    120 191 63 189 34 227 224 127 255 179 52 1 159 142 255 15 192 23 96
    127 227 255 255 253 133 175 239 123 111 2 92 7 121 191 0 62 94 135
    249 65 216 63 59 220 126 6 31 159 128 31 130 254 235 7 145 156 0 192
    127 249 61 205 220 104 158 95 127 62 225 146 28 1 140 255 20 1 223 6
    84 223 200 134 100 54 237 1 1 186 0 65 95 59 15 244 124 111 120 191
    63 187 90 226 55 14 63 191 16 1 223 6 192 79 222 6 108 44 235 63 232
    125 199 175 143 123 95 240 126 127 121 191 63 187 248 227 215 62 127
    131 123 220 112 56 191 31 131 215 234 32 0 55 255 191 253 3 227 28
    192 11 159 156 136 124 255 206 220 195 231 30 63 128 16 1 206 6 192
    95 255 134 102 52 227 127 44 115 255 47 143 59 31 244 124 127 120
    191 63 187 28 231 254 255 255 179 49 224 22 222 255 159 128 23 105
    252 107 255 255 189 235 235 238 248 189 255 220 104 169 223 0 56 94
    134 1 254 127 240 0 0 0 249 255 208 255 232 71 232 95 254 31 192 4
    126 240 154 64 15 143 144 193 32 255 201 224 238 55 7 127 255 142 7
