<?xml version="1.0"?>
<opencv_storage>
<desc type_id="opencv-matrix">
  <rows>150</rows>
  <cols>32</cols>
  <dt>u</dt>
  <data>
    255 255 160 1 224 63 254 255 223 192 240 192 190 255 255 255 189 255
    171 240 249 48 12 191 160 133 30 16 62 220 15 252 242 112 35 63 128
    0 8 0 28 3 223 127 254 36 255 253 189 255 131 231 20 192 237 156 32
    248 103 255 232 255 147 64 249 255 255 7 168 23 95 127 223 248 23
    127 248 227 255 199 189 255 235 188 252 56 13 189 248 130 30 0 62
    220 159 254 1 255 255 254 31 255 231 123 167 240 4 7 255 227 127 255
    189 255 239 191 11 127 11 135 23 134 62 0 55 208 233 206 15 255 255
    227 159 254 255 255 223 252 6 87 240 235 255 231 205 117 59 191 59
    127 207 189 255 134 127 0 61 156 225 248 225 255 255 152 0 66 127
    127 223 252 6 98 96 99 255 231 189 213 235 190 246 252 243 189 248
    188 95 0 62 80 255 254 0 240 63 112 129 234 6 27 31 131 31 193 7 99
    95 252 157 230 187 223 27 103 178 8 39 121 255 191 253 28 225 16 65
    251 255 225 255 252 4 8 255 255 4 223 224 255 255 252 141 127 191
    207 59 91 204 125 255 130 37 0 62 92 127 248 1 255 127 240 1 248 71
    255 223 224 6 127 218 235 252 255 157 115 255 159 59 115 239 157 134
    152 127 255 252 212 226 152 31 255 255 225 191 240 8 104 93 254 5
    192 63 255 254 255 205 127 191 227 11 0 239 255 235 190 97 0 222 92
    105 248 1 130 127 254 30 0 123 65 16 126 7 126 128 2 124 32 93 127
    63 147 4 192 51 141 7 40 160 255 200 216 241 224 129 249 127 248 24
    64 4 24 31 192 23 127 250 99 255 255 189 255 11 98 4 128 99 29 18 56
    120 255 254 253 249 108 5 255 255 193 157 254 255 255 223 254 6 127
    242 235 255 167 221 117 43 191 123 127 243 157 159 150 127 0 61 156
    227 248 6 0 0 0 192 126 71 249 223 248 0 122 124 35 240 124 71 255
    11 223 123 127 207 251 252 130 95 127 186 84 2 101 6 68 11 127 135
    255 135 244 227 240 31 192 126 217 0 2 95 255 255 159 9 223 254 126
    255 188 113 12 62 44 224 172 1 131 127 255 30 0 57 7 24 30 7 126 0
    36 14 0 94 127 3 179 4 224 219 141 30 232 163 223 192 24 225 250 6 6
    11 121 215 248 71 255 255 222 31 235 127 255 252 63 92 47 253 223 25
    123 241 251 239 153 126 0 54 46 194 81 30 118 0 30 1 255 239 255 227
    192 23 118 48 19 127 255 253 255 175 231 58 127 51 13 7 126 126 0 55
    28 131 224 5 31 63 98 5 252 71 249 159 254 6 127 224 99 106 2 93 53
    43 159 59 124 207 157 222 128 95 191 253 208 225 250 193 251 255 225
    255 254 198 77 255 255 4 95 224 255 255 252 13 127 191 223 123 127
    207 127 255 130 63 0 60 156 127 248 254 255 247 251 255 255 120 47
    216 39 255 166 184 28 255 255 253 255 245 228 231 252 77 157 160 156
    79 0 3 213 190 210 238 4 0 0 240 0 57 255 30 0 112 15 254 34 0 3 94
    17 131 48 132 128 15 137 0 131 40 255 193 0 19 202 129 255 255 235
    63 121 255 127 195 192 6 31 255 3 255 255 253 255 171 240 135 230 11
    139 23 134 124 0 39 17 249 204 24 0 0 96 1 254 199 131 255 12 96 75
    58 128 63 224 13 127 133 159 123 127 251 63 143 152 95 63 182 144
    103 224 1 255 127 224 16 248 7 251 255 248 4 99 234 227 255 255 205
    63 239 223 59 125 251 255 222 136 127 255 252 216 226 98 1 0 61 192
    0 0 2 0 31 140 8 79 255 226 24 72 77 64 12 143 6 128 1 130 16 129 33
    223 227 64 225 238 7 255 63 255 15 255 255 255 227 192 23 86 120 3
    127 255 253 255 171 190 11 127 3 131 7 22 126 0 53 28 225 196 129
    237 93 128 24 0 6 112 103 248 8 255 255 3 96 70 133 248 1 158 196
    128 178 96 248 38 208 255 225 190 123 72 1 164 63 112 144 126 7 255
    223 56 23 106 254 237 255 252 93 113 251 255 251 127 239 254 252 152
    127 127 186 92 210 200 129 248 63 191 15 220 4 0 127 128 55 125 219
    227 15 249 189 244 10 79 84 131 204 113 224 125 189 0 52 92 251 57 7
    255 255 248 18 0 49 254 103 254 4 95 255 251 255 175 220 127 175 176
    6 128 32 31 16 126 80 0 30 208 233 248 55 255 255 224 61 240 8 0 24
    126 4 116 191 239 255 254 189 255 255 231 3 65 251 138 107 191 225 1
    207 208 249 12 76 2 16 16 64 15 7 128 239 255 120 128 31 253 224 8
    66 63 255 92 251 0 12 63 160 201 0 255 60 96 47 66 25 132 0 8 0 0 7
    240 31 248 0 255 255 227 0 0 65 64 12 159 56 0 51 7 0 118 241 255
    244 126 68 108 2 48 14 112 1 254 198 1 185 240 4 127 0 3 125 252 29
    255 131 143 59 125 219 163 159 216 95 255 236 156 225 96 1 240 59
    255 79 254 4 48 31 192 55 127 247 227 7 255 189 240 109 159 14 203
    140 196 101 121 183 0 36 28 226 26 0 48 127 241 255 255 215 255 254
    31 197 195 224 255 255 252 61 127 255 223 27 127 207 255 223 138 126
    0 58 88 105 238 125 6 0 0 0 0 19 250 31 248 224 45 240 34 57 195 108
    35 163 177 58 0 75 137 152 129 161 255 200 65 15 200 62 7 254 132 0
    7 255 255 224 255 4 125 60 29 127 30 121 95 255 152 250 62 0 121 209
    65 154 255 234 24 99 94 197 255 255 188 16 0 57 254 111 248 7 79 255
    235 253 255 221 255 163 176 132 128 32 121 144 121 112 0 31 220 249
    193 3 255 63 240 20 252 7 251 159 252 6 107 255 227 251 255 157 127
    235 223 123 127 107 254 222 152 127 127 186 208 226 2 1 224 59 116 3
    254 4 48 31 224 55 127 245 226 3 247 189 242 45 159 27 75 20 196 103
    121 183 0 42 30 227 14 254 0 0 14 64 0 0 0 16 31 232 128 0 194 252
    120 67 255 255 199 124 160 13 133 32 87 65 255 205 197 23 128 129 0
    94 128 16 0 3 192 16 252 224 9 192 61 232 0 66 45 2 16 132 128 11
    139 16 131 32 255 204 129 121 240 129 223 223 192 24 0 7 232 31 249
    192 12 0 43 224 142 98 46 3 156 198 128 12 139 0 130 129 255 253 129
    123 48 7 255 255 254 31 254 192 126 231 240 4 22 224 35 255 255 189
    255 235 239 27 127 75 113 159 198 63 0 63 209 235 14 133 14 28 192
    208 0 0 0 31 28 40 7 255 226 24 13 72 0 4 231 4 128 13 131 16 131 33
    255 197 0 99 106 19 8 0 66 4 0 6 192 111 252 128 3 255 227 0 0 0 7
    253 30 232 128 12 119 208 131 1 255 247 195 103 146 1 128 63 240 145
    224 135 96 99 246 7 239 143 227 127 224 77 125 12 159 3 0 50 6 7 57
    240 191 253 152 241 240 225 255 255 23 8 1 223 127 159 248 23 127
    255 227 125 255 157 255 163 176 228 128 12 113 208 64 28 128 63 220
    157 224 1 253 126 224 1 248 7 224 51 248 4 111 249 194 61 226 13 127
    255 159 59 115 251 131 238 169 247 63 229 24 227 192 65 208 127 248
    127 252 4 16 31 195 251 128 127 226 15 241 188 127 255 31 27 91 236
    246 255 153 127 7 174 96 237 240 30 127 196 14 0 7 199 255 239 255
    196 96 36 235 254 63 98 15 251 252 250 28 114 118 30 165 158 255 250
    90 229 7 193 172 116 255 255 227 255 123 14 56 201 149 128 98 113
    238 64 8 11 187 4 231 51 12 7 119 191 0 13 235 29 196 6 22 206 232 7
    224 24 3 30 15 132 61 240 34 15 159 224 14 3 167 11 111 243 64 111
    127 239 159 225 17 225 49 0 224 7 123 143 251 23 191 159 225 159 250
    10 99 231 254 63 255 235 159 11 243 48 159 167 24 127 0 60 158 225 1
    249 255 240 7 232 7 222 127 159 224 52 112 255 227 255 255 189 127
    131 176 228 128 12 123 0 132 24 0 54 92 31 240 193 240 32 3 248 124
    231 249 227 224 249 135 233 27 245 255 189 235 239 158 249 124 239
    179 220 134 94 127 55 220 23 193 6 224 3 123 7 251 23 191 159 224
    159 250 10 99 229 254 127 255 235 159 11 243 48 159 167 24 127 0 60
    158 225 1 1 253 63 224 1 248 7 240 55 248 4 111 251 130 61 226 13
    127 255 159 59 115 251 131 238 137 247 63 229 56 227 192 1 192 46 62
    7 207 199 57 231 192 133 254 247 131 7 243 141 252 47 158 2 191 244
    124 103 124 159 0 48 221 224 125 1 248 127 254 7 252 199 252 199 224
    7 126 226 239 240 255 156 127 254 95 10 230 79 29 23 250 60 223 252
    255 226 0 30 0 0 96 1 254 7 147 255 135 104 10 11 224 12 32 69 255 4
    31 123 127 251 119 255 152 95 63 182 0 99 244 249 255 112 1 224 20 4
    123 63 240 22 127 3 227 127 255 189 255 171 190 252 188 223 114 248
    128 31 96 61 28 31 224 1 128 62 96 149 224 7 32 39 246 7 239 1 226
    127 32 77 127 47 159 3 2 50 100 23 57 113 159 224 152 97 242 193 176
    255 254 63 254 4 0 111 7 228 224 161 226 127 248 189 255 251 223 123
    255 108 117 255 244 231 3 183 217 239 220 1 255 255 190 7 192 57 112
