<?xml version="1.0"?>
<opencv_storage>
<desc type_id="opencv-matrix">
  <rows>150</rows>
  <cols>32</cols>
  <dt>u</dt>
  <data>
    1 128 255 240 63 252 31 1 156 31 158 70 154 16 27 8 114 128 0 79 27
    115 237 187 229 248 239 127 229 230 234 223 126 0 192 64 241 47 134
    129 223 31 248 96 2 0 0 0 98 128 0 46 251 62 4 63 1 64 31 255 246
    102 28 47 30 0 128 0 0 4 14 129 156 31 248 106 32 16 0 0 34 128 0 14
    250 48 13 159 216 136 31 255 238 2 238 63 242 243 255 199 255 191
    152 63 207 135 31 128 130 239 255 255 189 127 255 96 245 131 76 30
    32 134 156 0 29 253 26 42 0 0 15 240 240 126 30 1 220 7 249 170 10
    20 0 0 98 0 0 47 251 127 77 187 248 136 95 255 166 227 106 62 30 0
    128 243 253 254 30 1 220 3 249 160 191 16 0 0 34 0 0 15 123 115 205
    187 224 129 127 127 162 227 110 62 1 255 255 188 3 71 7 255 223 222
    6 127 230 235 210 31 223 210 79 94 234 128 76 124 80 124 95 14 61
    222 224 79 30 0 0 16 0 0 14 129 28 7 248 106 122 224 0 0 114 128 0
    15 123 48 11 157 216 136 71 255 238 3 238 63 0 0 15 254 7 252 8 0 28
    0 135 122 130 226 0 0 130 0 1 15 27 227 207 159 135 218 103 31 196
    251 227 15 7 15 222 0 0 7 135 248 239 223 132 38 99 35 0 1 178 128 3
    94 251 60 146 112 222 8 95 255 183 17 225 15 1 134 127 158 10 0 7
    240 71 254 4 96 63 227 122 2 77 129 253 144 132 128 76 14 0 193 160
    255 218 120 209 255 225 252 127 225 254 1 4 112 15 240 121 131 151
    227 97 199 141 124 43 144 196 128 12 12 0 192 16 255 246 193 29 232
    225 253 123 247 255 9 4 48 71 192 121 128 0 99 65 255 190 124 43 128
    132 128 12 12 0 64 48 255 254 225 61 96 1 128 127 240 1 254 7 249
    255 248 6 125 250 35 64 0 92 0 43 159 59 123 252 249 233 121 223 14
    60 26 225 8 1 192 15 240 0 248 6 2 31 0 128 111 254 98 0 209 128 0
    10 111 59 83 245 189 236 153 127 63 253 32 227 0 0 0 78 254 7 255
    199 255 159 207 132 119 128 99 10 9 64 0 10 94 11 255 100 28 39 119
    254 15 61 217 224 31 1 0 30 127 143 254 6 0 223 30 7 244 130 228 0 0
    77 0 0 15 11 255 236 127 167 116 255 31 189 255 226 59 6 0 15 240
    247 254 30 1 220 51 251 136 191 28 0 0 34 0 0 15 123 115 237 187 224
    137 127 127 166 227 106 31 1 211 63 239 223 255 134 0 7 198 5 144 0
    35 12 1 157 96 43 143 7 199 2 12 7 86 53 255 252 144 97 252 6 15 206
    2 0 7 199 248 231 223 132 33 0 35 0 1 162 128 3 158 234 60 146 113
    223 1 28 255 246 17 225 143 6 0 206 63 7 252 7 248 31 207 132 62 194
    107 0 0 162 0 10 31 10 128 239 122 88 246 95 223 253 209 224 175 190
    127 255 240 0 5 255 255 220 7 222 122 170 61 255 255 226 30 0 112
    254 244 15 191 144 154 94 0 30 226 234 63 62 0 0 0 0 1 247 255 199
    247 232 64 127 253 255 248 98 157 126 152 187 0 50 90 22 129 120 16
    27 0 164 255 4 210 63 228 31 255 135 243 191 99 4 65 0 2 7 131 77
    128 3 191 123 127 156 114 255 97 159 15 41 144 227 127 92 228 0 64
    96 56 23 255 159 240 240 9 255 227 113 255 114 249 251 191 251 88 13
    250 216 129 127 20 62 195 47 193 30 0 192 243 252 126 31 147 156 7
    249 160 191 16 2 0 34 0 0 31 251 123 205 187 224 129 95 127 166 235
    110 63 6 3 8 0 0 7 135 255 159 206 4 92 54 107 26 32 13 1 251 30 250
    12 48 92 112 43 159 255 58 84 194 207 193 248 35 233 255 255 4 56 31
    192 251 128 128 107 117 255 190 255 235 223 7 3 76 28 35 220 125 0
    60 230 61 192 7 207 207 240 1 252 6 225 223 248 196 111 238 189 160
    2 99 224 0 15 59 123 239 191 252 184 127 63 180 223 235 205 6 0 143
    240 1 248 30 1 220 15 134 105 254 20 11 0 35 135 0 111 59 127 179
    187 255 57 127 31 166 28 226 127 1 240 111 188 3 207 199 255 255 225
    134 99 240 162 127 255 252 121 163 159 123 127 4 181 151 124 31 14
    55 32 225 232 0 131 62 127 143 254 7 254 31 102 7 178 142 98 2 0 77
    0 10 159 76 128 76 27 0 150 95 223 252 217 98 191 1 128 127 250 15
    254 7 127 223 3 159 122 95 236 0 0 130 0 68 127 123 211 252 255 225
    186 127 15 52 107 226 63 6 3 255 224 21 252 87 183 221 231 222 95
    239 16 7 48 122 132 33 159 123 127 239 187 222 186 127 127 167 230
    235 63 225 254 255 225 252 240 8 108 81 248 197 167 135 255 255 255
    125 252 4 195 7 0 243 220 250 128 225 0 223 217 92 232 5 255 255 62
    3 207 247 255 191 226 7 65 240 233 119 127 220 127 129 188 234 62 12
    229 243 127 31 0 52 120 225 74 1 205 127 255 159 254 30 3 156 24 23
    118 6 226 1 0 157 24 0 47 119 255 252 220 229 252 159 7 37 255 243
    111 14 63 175 224 0 112 87 255 223 254 36 2 62 107 255 230 93 65 175
    159 59 112 15 191 152 136 127 30 62 192 225 222 1 128 127 252 7 254
    71 121 31 192 6 124 80 99 0 0 140 0 11 159 27 127 251 141 47 120 191
    15 57 88 227 192 6 6 206 112 0 0 7 236 103 255 133 234 63 255 248 14
    98 128 60 152 11 0 4 115 208 88 65 255 214 27 224 159 231 255 255
    159 8 65 158 255 239 248 7 65 130 235 3 7 217 214 92 32 228 136 242
    124 248 159 92 0 62 148 210 126 5 159 62 30 0 88 199 251 23 252 4
    127 128 99 104 143 77 2 111 159 26 103 251 143 14 122 127 14 45 152
    226 81 1 192 4 128 0 64 7 255 223 0 224 127 250 226 128 17 130 0 92
    127 123 17 253 189 232 185 95 63 53 90 226 1 103 255 255 192 249 255
    254 127 199 220 36 204 207 252 15 131 253 255 208 38 55 127 3 30 23
    138 158 0 52 220 121 254 114 193 0 0 0 31 199 240 39 194 8 0 47 227
    0 17 128 127 3 158 248 127 2 66 30 129 60 255 242 0 23 82 30 18 0 28
    3 207 239 155 231 15 31 26 88 130 31 253 205 255 235 108 251 63 4
    183 163 126 30 8 48 36 129 112 15 255 28 244 3 207 247 255 255 124
    40 168 73 162 252 135 69 127 235 188 235 63 4 179 227 121 159 12 48
    33 232 248 1 160 103 232 63 247 134 0 103 193 232 50 67 125 55 240
    35 255 241 95 11 31 48 114 7 54 69 2 61 1 237 230 2 105 140 0 0 3 7
    248 39 255 4 127 1 235 240 96 1 25 255 159 251 6 48 1 5 0 221 63 62
    144 226 163 225 252 119 224 252 224 8 100 88 240 240 198 14 29 231
    231 125 255 251 129 3 1 241 218 235 154 96 0 81 30 61 136 5 223 62
    28 0 72 71 251 151 252 4 127 128 35 104 143 77 2 43 159 26 117 251
    141 158 254 127 14 37 144 226 81 249 255 255 155 252 127 247 255 247
    248 55 128 18 255 253 255 253 249 63 248 252 32 76 157 160 128 92 0
    62 84 31 204 201 255 123 251 47 247 107 124 227 248 54 126 15 253
    255 255 124 127 165 172 99 60 49 143 211 132 87 0 22 106 237 232 6 3
    255 224 21 252 87 179 255 231 254 95 239 16 7 48 58 132 33 159 123
    127 239 187 222 186 127 127 167 230 234 63 237 63 59 49 240 2 123
    255 28 30 31 142 1 66 252 191 93 255 62 228 244 185 245 227 232 58
    207 64 9 20 151 212 237 159 59 16 224 6 121 255 152 156 63 28 4 19
    216 15 223 206 13 96 244 249 253 142 232 123 151 0 10 224 159 53 1
    253 127 254 15 239 134 115 223 240 32 131 15 0 37 227 157 121 1 159
    3 191 16 123 167 124 95 7 37 17 233 224 227 63 63 207 255 248 0 64
    62 30 62 121 65 239 248 12 30 243 130 71 23 129 207 103 248 135 33 0
    144 32 187 217 249 255 255 190 0 0 0 126 231 248 6 96 224 227 193 7
    251 128 255 96 132 128 114 119 216 60 88 128 25 92 252 23 1 255 255
    232 63 231 134 104 99 254 6 112 3 251 227 31 92 127 175 143 3 63 50
    112 23 60 85 0 60 40 233 54 97 252 1 1 248 60 23 251 29 248 59 128
    127 227 248 198 93 233 255 159 253 32 77 154 88 136 95 127 174 70 19
    224 129 239 255 240 62 31 121 254 103 243 151 104 64 239 224 31 178
    191 255 249 206 255 5 133 148 73 191 0 24 30 239 67 239 127 255 57
    144 1 26 199 158 63 7 135 3 36 254 63 77 255 251 160 228 153 180 243
    232 120 94 64 45 157 146 240 101 255 255 193 251 253 222 75 142 30
    22 118 35 194 255 255 221 252 30 230 51 127 75 29 31 230 190 0 47
    208 24 252 12 6 32 0 0 16 59 236 216 124 118 120 42 253 235 128 125
    247 252 89 120 112 11 159 152 128 99 254 222 221 134 191 241 249 241
    224 112 192 49 124 249 226 120 80 28 27 247 247 157 191 255 144 3
    129 240 255 225 126 96 0 90 20 45 161 1 255 127 248 63 231 135 119
    207 120 32 18 2 0 60 227 157 191 161 191 3 31 48 122 7 62 95 2 52 17
    233 225 31 127 156 240 3 239 231 251 231 126 40 142 24 2 124 239 68
