<?xml version="1.0"?>
<opencv_storage>
<desc type_id="opencv-matrix">
  <rows>148</rows>
  <cols>32</cols>
  <dt>u</dt>
  <data>
    251 255 48 27 224 6 124 127 223 240 23 126 240 107 255 255 189 255
    171 174 252 124 255 189 248 154 95 32 62 220 151 254 62 126 0 28 0
    223 230 251 227 224 63 246 1 3 127 255 221 255 171 175 248 127 50 35
    135 126 127 0 61 28 135 224 4 0 3 115 223 255 255 255 158 12 119 143
    228 111 255 252 125 255 251 255 203 255 207 222 95 138 127 12 56 28
    99 108 249 255 255 225 253 126 252 127 223 252 7 95 240 235 255 255
    157 253 251 175 123 127 143 157 255 134 127 0 61 156 127 252 2 225
    207 240 1 224 8 0 29 131 250 127 30 43 0 61 163 128 3 227 11 67 51
    155 7 120 97 191 198 135 232 47 251 255 48 1 192 6 4 123 63 240 7
    254 1 227 127 255 157 127 171 191 248 61 243 114 252 190 223 0 61 28
    23 224 1 182 127 190 30 0 123 97 16 126 7 127 128 2 124 224 93 127
    47 147 4 192 3 141 7 104 160 255 200 216 241 224 224 240 35 31 64 0
    0 2 31 1 247 127 254 32 31 253 189 255 3 111 4 128 252 152 96 120
    111 255 248 221 151 224 129 255 255 188 24 0 23 255 31 248 7 79 255
    99 127 255 221 255 171 176 132 128 48 114 248 121 88 0 31 220 209
    224 65 255 255 227 191 248 59 127 255 252 5 198 224 251 255 239 205
    245 255 177 3 16 239 253 248 132 126 0 31 92 121 253 249 255 251 31
    128 0 127 127 223 240 23 94 248 107 255 255 189 255 191 184 244 144
    237 189 248 254 94 0 62 220 151 254 1 255 255 225 191 254 127 127
    159 252 6 127 242 235 255 143 157 245 171 191 59 127 155 157 159 134
    127 0 61 156 123 252 123 255 255 225 255 252 0 8 255 255 7 94 226
    255 255 254 157 127 255 207 59 91 204 253 253 134 33 0 62 92 127 248
    1 248 127 248 20 64 6 58 31 128 23 127 224 99 191 255 189 255 251
    110 6 128 51 159 144 56 93 255 252 252 225 252 129 249 63 63 223 158
    4 24 127 128 23 125 251 131 15 249 189 244 10 79 68 131 252 253 224
    125 189 0 52 220 147 57 1 191 127 184 0 240 7 255 159 254 6 127 154
    227 127 130 77 117 43 159 59 119 243 159 142 158 127 127 254 217 227
    248 137 255 255 232 190 224 8 124 119 252 4 192 255 255 255 239 221
    127 191 161 7 128 251 189 138 180 97 0 159 216 109 252 0 240 0 23
    195 0 4 24 31 192 127 127 245 35 133 240 189 240 3 95 0 0 12 64 33
    64 189 255 224 156 129 108 14 127 142 6 0 7 199 255 143 255 134 96 4
    107 240 63 195 194 3 248 232 140 2 126 18 65 156 255 250 158 193 15
    30 2 0 112 0 248 7 128 223 255 30 111 203 235 238 0 83 244 126 15 59
    113 251 187 158 152 127 63 253 220 230 191 129 240 59 63 143 222 4
    16 31 194 23 127 215 195 15 253 189 244 15 223 4 195 220 92 101 121
    181 0 36 28 131 60 1 255 255 254 63 255 230 123 231 240 22 22 57 163
    127 255 157 255 171 159 27 127 3 39 23 22 127 0 51 80 251 196 30 2 0
    112 0 120 7 128 95 127 6 111 171 227 238 0 83 128 254 143 59 115 139
    187 158 152 127 63 254 158 230 187 1 254 127 240 1 248 71 253 159
    240 6 127 250 235 253 255 221 127 255 159 59 99 239 141 142 152 126
    255 252 220 227 136 254 51 247 255 255 255 120 15 220 15 255 130 184
    28 191 233 189 255 245 100 231 240 77 159 160 148 79 0 3 213 188 210
    129 255 255 232 62 224 49 126 111 252 4 112 254 251 255 239 253 127
    239 176 7 128 115 61 144 188 112 0 95 216 233 254 7 95 24 7 128 31
    199 255 255 254 9 129 94 251 64 2 13 96 30 158 248 191 204 125 224
    231 158 255 125 21 3 28 254 63 247 241 252 28 249 197 224 63 255 138
    43 93 255 254 126 127 253 224 252 252 203 163 220 154 67 0 14 107
    255 144 1 255 63 240 1 248 71 255 223 248 6 107 146 235 253 255 221
    127 255 223 59 67 239 157 134 152 126 255 252 212 227 192 224 0 0 7
    192 0 5 16 7 128 100 124 0 0 7 192 61 255 227 27 212 128 2 10 20 66
    160 255 196 156 23 255 1 255 255 248 52 224 8 127 31 0 31 126 136
    102 255 255 189 255 255 239 3 128 251 159 154 184 127 255 252 220
    232 240 1 255 63 202 4 120 71 255 159 254 6 127 194 107 127 130 93
    117 43 159 27 112 207 191 248 134 126 255 253 208 227 250 241 255
    255 192 63 248 8 0 28 252 22 120 131 239 255 255 189 255 235 231 27
    65 253 226 249 245 225 1 158 212 253 196 2 249 174 62 7 248 135 248
    103 240 6 124 128 107 127 252 157 127 255 159 27 79 235 100 95 124
    252 127 254 254 226 0 127 127 240 0 32 127 251 253 240 255 196 127
    239 159 255 255 237 127 255 228 251 124 111 179 220 150 90 0 39 217
    110 128 89 0 64 0 0 0 1 64 28 124 128 127 255 34 248 128 68 0 1 159
    58 0 147 136 24 7 33 255 195 30 5 245 0 192 33 224 1 248 6 32 51 224
    120 67 239 227 7 240 189 255 11 159 27 112 235 131 223 153 119 63
    232 196 237 243 3 253 59 255 223 252 8 0 28 112 63 127 254 108 255
    254 189 255 245 175 5 223 239 124 111 137 103 0 40 220 179 248 193
    253 95 128 56 0 6 112 97 248 8 255 253 19 112 66 133 249 0 158 196
    128 243 96 248 165 209 239 225 188 123 200 225 57 255 248 125 248 56
    15 152 63 247 127 216 29 255 252 63 255 251 99 31 96 237 157 160 152
    103 0 140 255 254 135 126 255 255 224 176 60 6 191 223 7 198 104 62
    255 255 255 187 222 250 111 251 80 207 191 248 136 127 255 254 126
    110 15 17 248 34 24 1 192 4 0 15 192 228 255 215 227 7 255 189 254
    75 111 27 75 243 124 111 126 253 1 48 156 228 127 254 127 224 7 0 13
    248 239 128 119 128 124 0 28 255 191 201 127 250 160 248 97 143 136
    4 102 160 248 200 25 6 186 25 252 115 248 247 255 183 255 253 216
    127 104 11 255 255 255 253 255 255 223 59 127 244 127 167 152 87 0
    28 126 237 1 129 255 127 191 30 1 103 126 19 252 7 120 24 107 255
    239 253 255 163 144 132 128 4 141 1 118 152 255 250 92 209 252 30 63
    247 224 240 118 7 255 223 31 198 64 255 253 255 191 249 255 254 126
    251 60 79 159 152 136 95 255 254 220 110 30 254 255 176 15 0 1 249
    253 0 247 0 252 3 127 255 183 205 39 250 144 216 229 155 8 6 102 160
    255 204 29 6 184 1 192 0 108 3 227 199 241 225 240 100 127 159 251
    97 242 125 240 37 158 11 127 176 112 103 126 250 6 56 157 225 45 63
    255 252 30 0 223 251 253 240 255 132 247 200 31 255 255 205 255 255
    192 250 125 239 179 220 188 82 0 13 217 71 96 30 15 220 8 1 223 247
    255 254 63 0 255 252 125 232 12 64 63 255 91 251 127 251 255 254 254
    127 24 26 251 99 82 30 47 196 224 7 254 7 255 223 223 224 64 16 35
    240 127 66 10 11 223 59 127 204 220 231 133 191 255 253 18 111 71 30
    55 128 20 0 15 199 204 231 255 4 79 0 109 255 255 77 127 250 206 250
    191 16 112 124 120 159 255 189 20 231 144 255 255 248 31 0 1 57 254
    8 119 4 254 7 239 255 191 77 63 251 112 204 130 16 2 32 118 32 255
    196 29 198 90 30 55 128 20 0 7 199 204 231 255 6 79 0 109 255 254 77
    127 254 206 250 191 16 112 117 120 159 255 189 20 227 144 1 255 126
    0 0 5 199 254 231 200 4 127 207 235 255 255 252 127 255 216 250 16
    76 115 224 105 156 255 125 193 225 240 1 129 63 240 157 224 135 96
    103 246 7 239 15 227 102 32 13 49 12 159 3 2 50 78 7 57 240 191 252
    185 241 248 2 49 63 112 1 224 198 1 225 254 6 73 250 217 63 224 28
    127 254 159 27 118 99 141 23 59 242 191 238 214 225 248 197 191 255
    248 63 231 255 255 224 255 246 96 56 29 255 238 127 223 251 88 231
    191 112 61 7 56 218 0 30 252 248 135 157 255 254 30 0 3 3 254 103
    207 134 126 17 227 255 255 237 127 255 112 132 130 20 113 161 126
    120 255 223 144 197 66 13 182 44 0 0 7 199 254 231 200 4 127 191 235
    255 255 205 191 255 216 232 0 12 115 0 134 156 255 123 216 65 225 6
    36 0 120 7 230 215 255 159 248 136 255 228 239 240 236 69 255 171
    158 43 124 107 222 223 254 223 12 56 255 225 192 0 128 33 115 140 52
    31 31 28 0 31 127 240 109 207 253 221 127 250 239 124 248 205 157
    248 128 31 255 250 61 227 120 72 0 16 0 65 7 7 128 103 255 40 128 31
    253 192 0 66 31 255 28 251 0 12 127 0 201 0 255 255 226 13 18 15 127
    8 31 128 1 255 255 144 252 5 255 248 63 248 255 77 238 1 240 224 164
    115 141 2 118 218 252 81 220 1 96 5 255 255 250 28 120 7 251 31 255
    6 127 218 227 127 15 121 213 175 159 27 99 179 159 135 136 127 127
