<?xml version="1.0"?>
<opencv_storage>
<desc type_id="opencv-matrix">
  <rows>150</rows>
  <cols>32</cols>
  <dt>u</dt>
  <data>
    127 63 241 104 241 255 247 255 158 127 255 0 124 237 255 130 120 1
    254 92 251 125 237 191 248 158 95 0 57 70 238 187 193 251 127 225
    255 224 8 0 30 34 59 121 30 100 239 246 157 255 146 39 3 3 144 92 99
    1 37 0 24 37 253 244 1 128 31 190 1 230 7 96 111 248 52 251 65 226 0
    128 95 160 30 31 43 31 244 114 251 121 93 6 60 25 224 249 5 134 126
    120 5 248 231 249 241 242 6 127 255 27 100 38 77 207 171 159 59 127
    251 216 254 190 127 14 34 157 227 197 30 97 128 64 240 248 6 184 55
    199 40 135 225 227 0 61 128 0 3 223 59 115 243 133 158 154 127 63
    245 195 103 1 13 206 60 0 0 128 135 248 231 248 0 126 249 83 225 70
    77 185 47 158 59 20 99 51 150 38 157 0 63 84 97 235 1 128 14 7 1 190
    7 224 255 248 4 96 200 99 97 192 93 127 133 159 250 22 108 63 160
    133 159 0 57 208 211 192 51 251 254 236 19 207 246 97 240 247 128
    255 0 27 46 34 129 255 255 158 227 255 49 179 167 124 158 0 37 188
    104 156 1 134 62 120 5 248 199 249 241 240 6 127 254 27 96 70 77 203
    175 159 59 127 251 216 254 190 127 14 34 29 227 197 1 255 255 254 15
    123 231 232 227 254 8 127 241 219 255 252 13 127 255 158 130 254 3
    129 23 94 112 0 63 225 233 252 26 225 196 224 33 248 6 16 39 195 232
    143 225 227 0 121 128 0 3 143 27 67 243 39 31 154 117 63 244 3 109 0
    5 142 63 176 0 0 0 0 31 56 30 107 255 226 235 198 77 255 250 175 59
    65 243 242 252 185 103 0 60 30 227 222 15 255 255 224 7 255 231 254
    227 254 4 127 243 255 255 239 205 255 255 154 155 127 2 96 23 86 56
    0 63 144 227 251 12 198 0 16 0 3 247 255 225 240 14 121 0 19 100 135
    76 36 47 155 59 127 147 183 159 89 126 0 36 41 227 48 13 38 62 128 0
    7 71 225 31 252 4 6 63 226 121 236 92 43 163 158 250 162 20 128 224
    122 31 0 43 0 227 192 112 0 0 0 0 19 199 248 227 255 0 105 1 59 254
    152 4 4 107 159 251 127 179 99 223 1 189 127 60 33 22 56 31 255 255
    140 2 15 231 254 227 252 0 126 35 235 255 255 205 127 255 152 250
    191 18 96 95 118 156 0 63 24 235 252 1 204 25 240 213 241 231 249
    193 216 57 138 56 83 0 195 157 224 127 159 27 103 51 139 23 24 126 6
    46 149 96 224 4 6 8 0 64 0 1 192 31 60 32 1 240 34 120 8 76 0 3 143
    8 128 15 141 16 129 33 255 204 65 35 224 4 0 12 1 128 0 7 144 31 207
    6 0 63 226 8 1 66 0 60 159 252 0 13 141 16 128 17 255 206 64 18 157
    225 255 255 131 56 51 151 255 223 240 22 107 254 107 65 199 190 8 45
    184 247 8 20 126 249 129 92 38 56 18 221 1 0 0 0 96 1 240 6 1 159
    128 142 127 248 96 0 0 0 64 90 95 59 116 107 191 147 152 95 191 189
    192 224 62 114 17 0 0 0 19 199 248 99 223 0 105 1 107 206 152 4 0 75
    95 251 127 179 98 252 129 189 127 60 33 22 56 1 128 31 31 128 0 7
    224 127 240 7 127 111 249 0 0 90 0 1 158 132 128 243 251 216 124 80
    255 246 58 209 254 1 255 126 248 0 240 7 241 255 242 4 255 254 83 99
    2 13 13 165 159 59 125 251 255 254 190 95 6 58 217 225 243 129 255
    254 192 190 32 7 96 119 252 0 159 255 251 124 128 13 129 62 156 135
    128 12 255 216 131 0 255 255 21 121 245 19 127 254 252 3 207 247 237
    224 254 4 252 201 31 248 12 1 255 255 88 11 255 49 131 135 125 130 0
    12 253 225 94 225 255 255 131 56 57 151 255 239 240 22 123 254 239
    231 247 254 2 13 184 254 3 16 126 92 129 124 32 26 18 219 5 1 128 31
    31 128 0 7 224 255 240 7 127 63 153 0 0 94 0 5 158 228 128 243 251
    216 60 80 255 242 58 211 190 24 128 32 96 1 239 135 252 103 192 240
    4 4 235 3 80 186 16 76 94 123 63 48 102 23 105 157 191 187 192 236
    46 16 0 0 96 1 240 6 1 31 0 8 127 232 108 0 0 1 64 90 95 59 116 107
    191 151 136 127 63 189 192 228 62 0 0 127 238 31 255 231 0 225 255
    134 127 33 155 255 248 77 127 255 159 95 255 3 35 159 70 35 6 39 151
    227 248 1 192 0 96 3 238 30 63 28 0 36 92 136 100 129 215 156 0 4
    111 59 99 101 159 167 122 191 191 237 214 224 1 6 4 8 7 135 254 7
    224 71 248 6 124 63 226 32 66 92 0 60 159 59 71 4 15 23 68 161 63
    255 158 67 207 1 192 14 252 3 204 30 23 30 0 36 64 139 100 0 113 146
    0 2 127 11 32 77 139 161 124 159 255 253 210 224 1 2 224 135 240 0
    240 0 26 23 1 248 107 96 98 131 125 178 219 11 111 27 97 179 140 95
    153 111 63 202 43 232 71 6 86 142 224 241 255 199 255 167 195 224 68
    5 227 7 151 201 0 14 94 187 127 178 98 47 41 158 30 57 160 96 26 1
    204 63 31 128 0 7 224 127 240 23 127 239 249 96 2 28 0 4 159 4 128
    243 251 216 188 241 255 246 250 195 237 4 0 11 127 135 251 247 249
    224 252 23 127 48 27 255 232 124 127 255 152 11 246 3 129 23 70 32
    12 3 19 225 250 126 127 0 0 192 0 59 255 24 254 58 0 0 47 240 7 77
    224 99 144 185 0 11 143 0 128 32 254 204 4 18 228 197 255 255 148 0
    1 151 254 79 255 4 79 254 235 255 255 205 127 191 144 196 128 4 92
    16 75 24 0 27 32 249 248 231 255 255 150 2 1 161 254 67 254 4 79 252
    107 255 255 204 127 175 144 132 128 0 12 0 75 144 128 27 32 249 240
    96 0 0 3 200 63 199 255 191 192 255 255 248 235 1 208 179 128 90 94
    249 127 205 181 164 134 94 127 61 255 22 33 14 127 158 112 0 126 31
    255 223 254 6 95 146 111 254 63 76 6 187 255 123 115 148 157 225 139
    95 8 62 146 227 18 129 128 95 195 188 0 1 0 28 126 14 0 0 38 252 32
    70 33 195 27 4 128 15 143 16 128 33 239 206 64 241 152 1 224 29 240
    85 248 7 96 243 240 57 170 96 147 96 240 5 106 45 159 59 127 243 247
    223 152 119 7 54 33 233 64 0 0 14 58 4 240 6 0 31 200 6 127 255 226
    0 1 221 255 175 143 10 192 253 191 232 190 125 31 227 214 225 199 16
    192 0 96 0 4 6 1 159 128 224 107 194 226 0 81 130 0 2 47 251 56 157
    222 248 152 95 255 188 58 230 8 6 7 15 115 135 191 7 248 223 254 7
    105 223 235 35 0 93 217 14 30 251 63 236 126 96 137 159 8 60 216 227
    207 30 50 161 176 1 248 71 192 99 127 250 104 107 255 255 232 127
    219 252 223 59 119 235 167 158 233 161 127 252 64 238 143 30 118 34
    96 1 155 255 255 227 193 246 125 201 111 255 255 253 255 14 241 155
    119 51 131 7 121 188 24 28 157 227 65 1 134 63 252 7 255 7 255 223
    198 6 118 22 233 0 7 94 0 1 30 139 139 252 124 233 126 254 14 59 150
    226 33 1 134 95 184 1 248 23 255 159 128 6 127 178 104 0 3 193 240
    20 127 59 112 239 189 158 190 127 63 191 216 224 40 5 6 31 192 16 0
    1 194 30 60 32 0 127 226 104 0 66 32 0 167 86 128 15 139 16 128 37
    255 195 64 115 120 127 255 184 31 128 0 8 242 31 248 5 255 255 194
    60 231 205 225 63 161 24 0 243 191 216 189 113 255 197 220 5 229 30
    49 130 0 0 51 199 249 39 247 4 15 225 107 126 252 62 0 47 159 251
    127 178 97 159 1 188 63 57 144 99 161 30 63 156 16 1 252 7 255 223
    222 4 97 154 239 254 63 77 2 255 255 59 113 253 157 161 153 127 8 60
    148 225 26 15 63 8 31 128 3 247 255 225 252 7 119 128 31 248 207 93
    233 3 216 228 188 2 61 16 118 152 254 117 156 129 229 1 128 126 58 4
    96 7 96 31 254 4 127 255 195 96 0 65 239 45 159 10 128 253 189 160
    158 125 31 231 208 225 229 0 0 239 240 7 254 14 1 222 31 246 102 127
    20 63 160 59 215 16 175 123 155 220 123 248 248 95 1 39 30 235 255 6
    2 15 127 7 128 169 128 32 31 135 127 0 236 191 32 123 220 124 67 4
    230 19 4 31 99 161 207 201 28 224 255 1 128 15 130 0 28 7 252 223
    192 132 127 143 237 128 16 128 0 20 95 250 235 205 158 232 134 63 95
    60 154 226 4 0 0 4 60 1 222 6 1 223 15 134 102 18 228 0 8 64 0 113
    143 123 31 252 124 225 120 223 63 183 190 226 11 50 0 0 1 192 127
    135 184 239 193 233 131 223 227 0 16 3 218 78 94 251 31 204 119 228
    130 93 127 60 47 2 7 0 0 3 228 255 175 135 0 79 128 250 109 126 99 5
    248 63 252 10 94 7 143 4 126 99 105 156 2 56 62 96 104 0 0 15 190 7
    248 135 190 199 130 6 127 178 236 2 24 136 26 84 95 26 198 11 29 23
    220 125 255 254 216 226 6 14 31 254 58 5 252 27 223 156 31 132 123
    146 20 159 13 96 20 65 111 59 115 237 157 225 152 127 28 36 210 226
    187 6 7 31 121 135 255 7 248 15 254 7 225 215 227 124 0 77 193 47
    158 233 141 252 124 33 185 95 12 61 216 224 213 6 64 15 236 7 255 7
