<?xml version="1.0"?>
<opencv_storage>
<desc type_id="opencv-matrix">
  <rows>150</rows>
  <cols>32</cols>
  <dt>u</dt>
  <data>
    7 31 255 240 1 254 7 225 159 253 134 66 176 98 43 130 122 5 3 159
    123 126 36 156 211 136 95 255 187 210 225 255 5 28 239 224 1 254 7
    193 31 253 132 107 22 226 127 192 127 128 3 159 59 123 253 156 237
    152 127 63 174 158 227 251 6 7 222 240 0 212 7 225 31 255 132 0 3
    226 120 0 66 1 13 159 123 125 251 30 44 184 95 127 188 192 227 207
    30 251 247 128 1 152 87 255 223 227 254 110 155 235 199 63 178 210
    254 95 59 115 253 191 164 248 191 255 254 238 238 15 1 252 126 62 0
    192 0 126 7 192 7 251 239 227 247 255 189 252 11 225 2 0 179 6 27 61
    96 0 24 61 224 101 129 255 255 240 127 230 4 63 223 130 62 65 194
    224 31 255 191 255 255 239 7 152 244 125 227 121 223 0 60 254 249
    241 62 63 254 128 0 23 247 255 239 255 228 71 195 227 255 143 123
    245 239 94 251 125 251 126 252 188 95 127 61 214 238 191 1 255 63
    241 255 224 24 62 31 0 31 111 199 227 223 255 189 255 14 225 5 128
    242 124 43 121 252 0 29 254 225 107 18 0 129 240 7 254 30 1 156 7
    249 128 59 148 0 0 2 0 0 47 123 127 109 187 225 248 95 255 230 235
    238 63 14 63 254 54 7 191 247 255 227 255 132 111 155 251 255 7 105
    213 255 88 251 127 239 143 166 225 158 12 63 216 226 255 30 0 197
    248 1 254 94 1 188 15 250 110 255 20 0 0 34 0 0 47 123 127 237 179
    253 184 127 127 231 239 234 159 129 255 63 128 0 0 56 120 1 224 6
    126 121 99 253 255 253 248 43 161 4 128 243 131 26 62 224 0 207 30
    241 169 26 227 247 144 1 216 7 255 223 195 254 110 139 239 195 127
    178 210 254 95 59 115 253 191 224 120 255 255 254 230 238 15 255 255
    160 0 240 31 135 250 39 224 232 7 7 227 117 255 141 127 191 144 249
    8 12 100 112 131 152 32 51 128 31 200 15 63 29 123 140 124 7 254 255
    252 15 123 255 219 252 238 77 127 255 156 252 153 255 116 248 149 93
    12 58 62 195 248 31 62 231 192 0 252 7 253 223 253 214 0 254 235 127
    230 127 255 140 159 123 120 111 255 216 138 127 63 53 80 239 255 30
    23 152 96 0 240 123 255 222 31 0 67 174 109 222 31 64 54 254 111 59
    120 243 191 222 152 127 24 62 192 224 26 249 255 112 0 224 1 231 248
    99 248 4 95 255 211 125 230 13 97 191 152 244 4 2 101 24 135 144 32
    54 28 23 172 225 255 120 1 224 7 199 248 231 248 4 93 255 219 253
    230 13 96 191 152 244 12 2 112 24 135 152 96 60 30 23 188 126 2 192
    0 0 30 7 255 223 7 132 127 255 16 6 0 114 128 0 31 251 116 111 187
    144 130 95 127 180 222 135 255 6 0 207 240 5 124 7 233 223 127 254 0
    10 231 195 0 50 144 1 31 123 112 205 191 232 136 127 127 180 198 234
    63 12 6 12 8 1 194 7 225 159 252 128 126 63 108 0 0 65 127 16 159 11
    127 179 90 95 126 127 12 59 16 225 226 1 224 127 240 52 240 4 16 31
    193 255 127 254 226 3 253 187 242 3 143 27 113 251 191 248 184 127 3
    44 220 239 15 6 0 15 128 0 30 7 158 31 7 4 104 94 99 134 57 130 2
    202 127 122 67 12 157 160 73 191 127 188 26 226 19 15 63 60 30 0 7 7
    253 255 254 4 255 255 235 255 238 76 61 255 156 248 24 76 241 216
    222 92 254 63 120 195 248 62 115 132 0 0 62 31 191 159 135 196 0 80
    99 215 127 224 14 75 111 251 123 204 189 224 129 95 8 60 64 66 7 30
    63 254 122 7 255 255 255 224 127 132 134 193 223 255 175 73 253 255
    252 235 255 251 167 223 190 95 28 21 216 226 255 5 255 255 255 31
    224 56 100 24 124 23 120 0 28 255 255 125 35 163 163 6 192 51 159 7
    120 163 0 132 30 233 128 2 192 13 224 0 194 6 2 31 1 232 127 254 224
    0 19 130 0 92 111 123 59 244 252 233 56 223 31 184 34 224 11 62 111
    192 0 0 16 7 248 63 253 128 126 121 99 112 127 64 10 255 159 123 112
    139 163 156 136 119 127 206 59 70 2 6 0 15 144 0 6 6 26 31 131 132
    110 126 99 130 61 162 2 10 111 122 48 148 157 224 72 31 255 184 26
    226 3 1 228 119 224 113 240 7 254 223 192 254 110 139 235 193 127
    243 202 206 95 59 112 237 191 163 168 255 63 254 239 236 7 63 255
    252 0 0 36 7 255 223 248 0 224 8 235 240 255 196 42 254 120 251 0 12
    159 128 136 28 255 252 250 80 0 0 128 11 192 64 158 7 49 223 224 54
    127 203 226 1 192 29 254 10 159 123 127 177 251 237 41 223 7 61 60
    227 106 14 127 204 192 16 28 7 255 223 255 192 8 7 235 238 7 65 0 14
    30 251 0 12 220 224 129 31 127 62 128 98 254 7 223 142 127 143 252 7
    254 95 248 133 128 127 235 97 135 77 64 175 159 249 145 204 191 224
    133 127 8 61 80 99 62 14 63 190 120 7 255 247 255 241 254 5 143 225
    255 255 142 77 127 254 152 203 187 252 243 249 186 82 12 25 104 224
    254 0 192 239 248 5 240 6 0 31 1 198 127 255 226 3 0 162 0 12 47 27
    113 251 135 159 152 127 31 250 250 232 15 7 255 62 144 0 16 7 255
    223 242 4 66 10 235 254 255 221 103 47 159 123 0 13 159 128 136 127
    8 62 216 227 240 0 224 47 255 223 193 135 62 231 192 63 113 192 235
    247 255 253 254 14 254 132 141 250 116 31 125 252 0 57 254 177 76 13
    6 124 63 7 252 7 255 223 255 4 128 252 107 66 12 65 198 43 159 251
    17 205 191 232 149 127 30 59 80 231 23 5 134 15 240 16 242 87 255
    159 248 127 99 0 99 224 207 127 200 254 191 59 127 179 183 255 153
    127 4 44 191 232 5 5 254 28 48 0 52 7 255 223 192 9 232 10 239 144
    255 204 32 92 92 251 0 13 159 128 136 95 255 252 255 194 0 1 233 127
    224 31 252 7 122 31 224 6 64 222 227 64 126 158 10 11 159 27 65 239
    159 172 129 191 15 56 90 227 7 1 132 31 127 159 206 123 83 24 28 7
    124 120 0 56 193 93 253 3 63 4 243 109 131 231 118 191 4 2 95 225
    240 13 134 15 240 0 224 119 255 159 248 63 107 8 99 224 199 127 232
    255 191 59 127 179 179 255 25 127 4 60 63 224 5 114 65 241 224 240
    48 120 15 24 7 251 139 248 108 134 17 179 220 82 111 123 112 251 137
    156 136 127 0 46 39 30 126 1 224 127 192 5 188 7 120 31 193 134 104
    127 227 0 113 162 8 30 159 123 83 207 187 236 129 191 15 56 26 226 3
    253 255 242 128 112 7 231 255 231 195 116 33 103 251 7 247 252 28 28
    48 246 28 50 118 30 37 152 0 53 1 31 190 12 6 8 7 128 15 71 233 157
    252 0 197 127 67 200 0 77 244 5 30 248 54 4 187 160 69 159 255 173
    28 3 60 30 23 207 224 1 254 87 255 223 223 232 79 191 239 158 15 98
    4 252 95 59 114 13 191 241 152 95 30 63 194 232 63 6 31 255 192 0 62
    7 241 159 255 132 111 240 98 47 130 120 1 3 159 123 60 15 124 88 128
    31 255 186 208 227 246 63 255 255 180 3 8 56 255 152 127 150 96 0 31
    255 255 252 0 251 225 6 246 3 159 23 73 35 255 196 56 232 0 1 252 59
    248 92 255 7 254 255 240 63 122 191 255 253 246 125 240 60 159 251
    63 108 123 224 152 95 255 182 237 179 252 30 79 221 240 1 255 199
    255 255 255 200 104 31 235 64 7 66 2 28 159 187 91 252 127 229 249
    190 28 60 34 235 64 241 248 227 228 251 207 4 8 7 0 250 56 176 227
    159 253 191 255 203 102 7 130 12 12 3 126 156 1 58 193 61 65 30 63
    255 176 0 80 31 255 220 63 246 106 104 60 191 130 125 253 250 127 59
    113 147 159 220 152 127 63 188 30 238 255 1 248 3 59 192 252 71 249
    215 224 55 122 191 227 100 255 183 254 63 159 251 97 239 143 236 152
    124 127 254 222 147 96 25 220 244 56 0 64 71 255 223 248 133 187 255
    227 1 130 69 96 239 30 250 48 35 155 144 152 95 127 62 249 198 184
    62 31 128 16 0 0 231 254 227 223 248 120 59 253 8 3 194 236 252 144
    186 0 179 183 152 56 120 255 222 23 174 53 14 110 8 16 0 80 7 248 23
    240 15 251 1 235 224 127 69 34 255 95 59 113 179 135 156 152 119 127
    252 63 130 1 1 131 255 248 4 112 7 255 223 231 22 122 194 236 6 55
    90 0 4 159 59 112 255 189 248 152 127 15 52 127 227 167 28 54 33 96
    192 0 3 128 62 62 63 111 255 231 255 236 127 239 253 207 27 67 179
    114 222 121 165 63 246 30 166 209 30 54 1 112 192 0 3 128 111 30 63
    111 255 231 255 232 127 255 253 207 27 65 179 115 222 121 165 127
    246 30 231 209 6 3 207 254 7 127 7 241 255 255 132 0 191 168 11 0
    114 128 0 30 251 154 76 123 224 132 95 255 178 192 226 255 30 63 252
    28 0 7 103 255 247 255 132 63 247 251 255 167 77 255 190 156 250 56
    253 244 248 250 94 62 58 81 227 254 193 255 255 135 190 0 57 126 17
