<?xml version="1.0"?>
<opencv_storage>
<desc type_id="opencv-matrix">
  <rows>150</rows>
  <cols>32</cols>
  <dt>u</dt>
  <data>
    5 255 255 188 0 195 7 254 255 252 6 126 15 235 255 255 253 195 191
    222 106 25 244 126 233 124 221 0 63 156 225 207 126 0 0 0 0 7 134 1
    143 15 224 104 46 224 0 0 66 0 0 12 227 20 2 127 19 72 158 255 242
    105 4 31 126 2 0 0 1 167 159 131 222 31 224 64 6 16 0 0 66 0 0 46
    251 62 4 124 113 105 159 255 231 224 4 255 14 34 134 64 1 0 8 128 24
    247 196 108 60 127 255 124 99 248 58 207 27 66 3 142 23 72 163 255
    234 88 96 238 1 252 62 96 3 130 7 248 31 248 6 111 246 99 120 206 93
    96 43 159 11 31 16 120 87 121 159 6 56 28 225 184 30 0 0 0 0 7 134 1
    158 15 224 104 46 224 0 0 2 0 0 12 227 60 2 127 19 72 159 255 226 65
    100 31 30 48 134 16 0 0 8 128 28 241 196 104 127 235 255 254 115 248
    62 199 27 0 15 138 16 120 35 255 234 120 224 236 1 255 255 188 0 193
    7 255 223 248 6 127 254 235 255 239 253 208 127 156 2 0 100 28 1 120
    220 0 61 222 224 255 1 132 63 240 1 226 7 249 31 248 6 125 255 227 0
    128 93 32 47 159 43 63 240 118 239 121 223 6 56 30 225 248 1 128 127
    244 3 206 7 120 255 252 6 111 242 35 40 128 93 160 43 159 11 31 244
    124 255 121 159 6 53 158 225 249 1 128 63 240 3 206 7 248 255 220 6
    111 255 235 8 0 93 36 43 159 11 31 244 124 251 121 159 6 48 62 225
    248 30 0 128 28 3 222 7 243 159 31 248 120 255 32 0 0 34 0 2 31 123
    122 77 187 240 254 31 255 166 234 238 255 225 255 63 193 253 55 6
    120 71 206 58 64 15 227 10 1 157 64 14 94 245 2 4 14 1 134 28 255
    253 228 24 254 193 253 57 255 255 255 151 127 205 240 59 160 156 123
    252 254 157 237 191 152 197 156 108 122 35 153 95 0 24 229 173 240 6
    236 15 112 7 227 231 253 225 240 31 74 0 219 241 254 77 112 28 158
    11 122 49 183 211 120 120 0 62 60 224 40 225 255 63 129 248 49 6 120
    7 222 58 100 7 227 2 3 157 64 14 30 245 2 4 14 0 132 188 255 253 236
    26 254 254 255 247 159 62 28 24 30 31 3 214 64 130 228 211 127 178
    222 0 229 228 128 78 94 16 132 95 241 222 224 255 71 30 0 1 192 1
    254 6 129 156 31 248 112 255 162 0 0 98 0 3 143 123 123 77 187 240
    253 159 255 166 226 238 255 126 23 128 15 0 128 249 156 32 143 132
    64 1 235 223 63 97 255 255 96 152 0 235 7 14 245 160 248 197 208 4
    62 126 255 170 56 128 80 31 255 31 130 23 143 240 99 159 255 157 39
    203 127 120 65 243 153 232 155 127 0 60 29 146 216 126 255 170 56
    128 80 31 255 31 130 23 143 240 99 159 255 157 39 203 127 120 65 243
    157 232 155 127 0 60 29 146 216 4 2 79 192 19 168 3 0 24 63 192 104
    48 31 254 124 67 255 250 207 11 66 3 13 7 64 163 255 234 16 96 99
    129 204 118 30 2 0 1 126 7 200 132 127 128 98 1 195 253 240 0 49 4
    128 2 14 18 118 56 0 29 213 197 168 15 63 255 196 3 3 121 254 3 31 6
    127 128 239 255 191 93 127 254 112 6 194 0 135 3 102 160 0 31 156
    224 254 190 127 255 228 2 1 249 254 35 31 132 96 1 239 255 191 233
    255 255 96 134 160 147 135 35 105 128 0 29 28 232 62 6 127 207 224
    21 252 71 255 223 243 198 79 235 130 35 35 226 128 1 159 123 127 239
    187 254 187 255 63 181 192 226 207 1 131 255 248 23 252 30 1 156 15
    31 4 210 16 30 0 50 0 0 95 11 115 253 189 231 249 255 31 229 66 232
    255 1 128 3 48 64 0 12 19 31 128 255 111 171 226 1 249 183 255 188
    175 58 112 19 135 152 120 63 0 46 158 175 1 30 7 140 192 0 0 103 249
    211 207 128 96 46 19 202 31 66 130 79 111 123 112 207 155 216 137
    127 255 238 88 226 31 5 134 127 224 0 0 7 252 223 248 6 79 207 235
    227 6 120 64 47 159 123 0 15 31 24 200 189 14 61 128 227 254 0 192 1
    48 64 0 6 0 31 240 59 111 234 194 32 226 29 255 254 15 120 96 13 159
    208 89 103 3 44 190 130 192 1 232 239 240 1 248 6 0 31 97 254 111
    254 98 1 240 178 200 10 143 27 91 245 249 239 185 255 63 253 162 235
    199 1 240 59 240 240 80 4 0 95 224 123 143 240 255 247 240 61 255
    254 79 123 112 243 157 152 155 103 0 60 101 187 192 6 224 0 16 192 4
    14 51 31 32 59 251 50 194 0 243 204 57 62 175 120 112 13 157 208 201
    31 0 38 190 18 224 6 54 15 120 0 193 247 241 192 255 135 239 10 208
    124 226 69 235 253 154 11 103 51 143 7 56 120 8 38 40 225 196 2 192
    0 112 193 248 6 0 95 224 105 191 251 195 0 82 128 2 5 143 59 112 235
    187 142 152 127 63 180 235 99 12 1 128 126 254 15 255 199 255 175
    255 132 184 7 227 131 0 65 1 90 30 202 191 244 98 127 118 95 14 58
    209 224 255 0 0 47 224 159 2 155 3 28 63 134 103 0 4 255 136 125 255
    225 237 7 142 18 92 23 65 135 0 11 156 225 62 5 7 63 250 5 254 87
    255 255 254 32 119 255 19 74 15 72 0 2 191 123 127 239 251 222 190
    127 127 179 209 235 26 6 6 143 254 7 252 25 207 30 31 159 104 130 38
    186 3 98 1 67 111 27 243 239 159 239 184 239 31 204 227 226 255 1
    200 31 224 0 112 4 0 31 32 126 107 126 96 0 192 191 168 131 143 27
    65 219 157 14 152 127 63 248 62 235 129 5 238 62 30 7 255 7 251 159
    248 4 127 222 227 97 199 77 112 12 159 58 75 252 220 97 119 191 14
    57 209 227 232 193 253 63 225 255 71 6 64 7 248 59 128 3 227 0 194
    157 100 14 14 197 128 4 143 33 90 92 255 252 230 57 244 0 192 206
    254 7 255 199 251 47 225 132 56 7 227 0 0 178 159 14 30 203 191 244
    96 111 118 223 14 58 81 225 127 2 1 142 62 7 255 199 248 103 231 132
    112 3 227 2 0 2 0 26 30 106 127 252 98 103 118 221 255 253 208 224
    223 1 193 127 254 15 255 135 127 159 6 7 124 30 236 128 0 157 128 0
    95 11 255 244 124 111 125 223 7 58 63 224 173 0 192 15 48 1 240 23
    225 24 240 134 111 237 16 33 194 127 197 16 159 27 127 179 227 223
    57 231 31 227 152 225 245 4 7 31 236 7 239 231 255 231 255 6 116 3
    131 96 15 66 0 43 158 11 127 240 96 239 127 156 14 55 146 224 117 30
    31 248 0 0 20 7 254 223 255 4 79 254 235 191 7 72 5 251 94 250 1 221
    156 104 131 159 127 57 16 70 251 2 3 158 63 15 255 199 248 103 199 5
    176 3 227 2 0 2 0 10 30 202 191 12 98 23 118 93 255 253 209 225 191
    5 143 222 254 15 255 135 255 255 255 132 176 156 41 0 2 67 159 194
    30 234 191 236 123 231 119 95 15 56 209 227 91 77 134 127 193 189
    231 107 84 99 201 198 123 0 57 29 207 97 255 243 172 99 124 17 133
    163 133 87 0 54 158 125 216 38 127 255 243 31 255 206 193 140 127 23
    14 3 195 254 255 222 9 12 230 183 119 11 9 23 138 190 0 45 67 241
    192 1 128 63 127 143 255 135 16 207 130 7 244 4 224 0 1 221 128 1 31
    100 159 12 126 103 101 159 255 249 190 194 191 30 95 142 128 0 0 95
    255 223 127 128 64 112 163 232 7 64 0 235 108 251 48 77 189 248 152
    95 255 246 80 224 31 1 192 63 60 3 200 103 96 32 240 6 127 165 16
    103 192 29 193 20 159 11 127 179 194 223 121 163 31 203 158 225 246
    6 23 207 254 7 252 8 0 31 15 134 124 192 98 14 29 226 4 195 111 27
    115 237 157 239 248 231 31 204 251 225 63 7 255 255 240 5 252 7 255
    223 127 198 79 235 128 114 39 226 128 1 191 59 121 255 251 254 184
    127 63 181 192 235 239 3 236 2 24 0 126 7 255 223 240 132 63 255 227
    33 99 186 8 14 159 251 124 237 191 248 158 95 127 190 209 227 227 15
    63 30 64 0 60 119 255 253 252 4 72 43 187 248 238 76 97 251 159 251
    120 13 191 216 136 63 28 22 0 227 136 153 255 240 226 39 118 251 123
    31 224 104 96 97 2 119 255 205 0 3 172 235 252 75 128 94 128 95 0 4
    84 109 197 13 198 24 0 0 48 71 255 151 242 4 2 96 99 0 7 66 8 30 31
    123 116 139 135 156 136 127 127 190 1 98 99 12 7 30 0 0 192 7 240
    223 255 4 127 254 232 126 32 65 193 60 159 123 97 255 157 232 191
    255 63 61 208 227 254 55 255 252 224 191 253 222 65 156 223 192 224
    80 123 60 99 128 3 229 6 155 199 250 29 7 133 250 0 44 126 107 197 1
    204 68 58 1 254 7 255 223 240 132 182 255 233 32 194 2 12 2 31 123
    125 239 251 248 158 95 127 187 217 227 240 38 127 175 193 255 253
    222 161 156 242 112 4 0 91 111 247 188 31 255 134 151 67 206 117 255
    131 186 0 47 210 57 242 254 251 228 136 48 65 224 254 227 227 224
    128 128 219 247 127 163 254 255 240 230 0 98 30 16 150 80 160 29 208
    125 14 7 236 13 112 7 227 231 253 227 240 31 74 0 251 225 222 77 112
