<?xml version="1.0"?>
<opencv_storage>
<desc type_id="opencv-matrix">
  <rows>150</rows>
  <cols>32</cols>
  <dt>u</dt>
  <data>
    31 255 255 224 191 240 8 72 93 255 4 192 63 255 255 191 205 1 63 227
    11 0 239 159 171 180 97 1 223 220 105 250 15 255 255 232 22 224 9
    252 103 255 4 96 255 255 255 47 205 1 62 225 3 128 243 63 138 188 97
    0 159 216 105 254 249 255 251 3 168 23 94 127 223 248 23 127 248 99
    255 207 189 213 235 188 252 56 13 191 248 130 31 0 59 222 159 191 23
    255 255 225 191 252 0 108 255 255 132 198 186 255 255 255 141 1 63
    239 27 25 204 127 251 128 125 0 63 220 105 254 15 255 255 226 63 252
    27 255 255 255 4 198 184 255 255 47 201 1 59 163 11 16 237 255 249
    128 126 0 31 220 105 254 129 255 255 248 60 214 95 127 159 254 4 98
    232 99 255 135 190 5 235 190 255 252 255 159 248 188 95 0 63 216 250
    255 3 255 255 230 31 255 230 255 231 240 4 7 248 35 255 255 189 255
    235 191 123 127 79 143 23 198 191 0 55 208 235 196 129 190 127 248
    28 0 251 113 0 252 23 126 0 2 125 238 93 255 171 144 4 224 51 137 7
    56 224 255 204 156 249 149 255 60 35 57 192 64 120 12 16 28 23 127
    200 31 255 252 125 255 251 99 4 96 235 143 138 152 99 255 204 253
    149 152 15 255 255 224 52 192 49 254 67 240 6 79 255 111 253 255 253
    255 235 241 3 128 115 139 2 57 97 128 223 220 233 196 1 240 32 96 1
    232 28 63 29 192 132 127 7 107 215 255 189 26 235 95 27 67 177 138
    39 121 191 255 253 184 101 6 18 249 247 240 33 248 8 0 31 227 251
    239 224 98 67 119 178 138 3 175 27 99 243 140 31 152 103 255 218 47
    237 71 225 255 255 151 24 7 95 127 223 252 23 127 250 99 255 207 190
    213 235 188 244 144 12 191 240 194 30 96 63 150 154 255 2 249 255
    240 1 224 8 16 31 131 222 127 190 43 7 63 179 192 3 103 11 66 51 155
    7 120 245 255 254 166 232 47 1 224 34 64 225 250 86 63 31 224 116
    127 64 105 71 247 189 255 251 191 59 111 179 136 15 9 255 255 252 17
    39 3 1 255 255 250 63 255 254 127 231 240 4 102 32 35 253 255 189
    255 235 191 27 127 99 51 159 148 127 0 63 84 233 196 109 140 32 0 0
    0 19 242 31 248 96 127 224 34 113 194 76 0 3 153 58 0 19 129 216 129
    33 255 193 161 31 194 15 255 255 224 52 224 8 252 83 252 6 81 255
    239 253 255 253 255 235 225 3 128 251 138 26 191 225 0 222 212 233
    196 15 255 255 232 22 64 49 254 103 255 4 115 255 251 255 7 220 1 62
    176 3 128 34 31 0 62 112 128 94 208 233 254 192 128 39 152 152 0 4
    22 31 3 215 127 244 96 23 121 187 255 131 127 68 128 253 156 96 254
    127 255 248 222 147 66 19 8 0 2 0 0 6 192 111 252 192 3 255 235 0 0
    0 7 251 30 232 128 12 114 208 130 1 255 247 65 226 147 249 255 112 3
    224 7 222 127 159 240 52 127 255 227 127 255 189 255 171 176 244 0
    12 247 208 133 30 0 55 92 31 232 129 0 12 128 0 0 3 192 24 248 224
    127 248 43 169 192 64 1 2 17 4 128 3 141 16 129 160 255 204 225 115
    240 6 0 14 192 16 0 1 192 16 248 224 59 248 63 233 128 102 4 2 17 6
    128 11 141 0 131 32 255 200 225 113 240 25 132 64 0 0 0 7 224 31 248
    128 255 255 227 96 194 64 0 4 159 24 0 50 13 0 126 225 255 230 126
    69 68 251 255 247 239 255 255 24 15 158 9 247 89 223 108 191 255 189
    255 240 100 229 180 108 155 160 247 159 0 56 220 189 178 62 62 0 0 0
    0 59 255 28 120 224 15 248 34 248 199 118 99 3 177 58 0 203 137 152
    129 163 255 203 1 7 216 129 183 255 193 188 0 7 64 31 255 6 4 0 43
    124 60 82 96 251 140 196 128 12 141 0 131 129 239 251 128 81 164 6 4
    11 127 223 255 247 255 254 60 23 130 224 127 255 252 125 255 255 88
    139 255 79 253 223 152 94 12 63 208 225 126 30 38 0 28 1 255 255 255
    193 195 132 242 32 27 126 255 69 255 161 239 59 127 115 156 31 126
    126 24 55 220 193 224 13 7 24 65 196 0 0 0 31 142 14 1 255 226 24 45
    192 0 12 163 1 128 13 133 0 131 33 255 199 192 65 234 12 2 16 224 96
    31 7 128 78 127 120 128 15 255 224 8 82 63 255 94 251 0 12 63 32 217
    1 255 252 226 47 18 129 130 95 193 188 0 39 0 1 255 6 0 0 57 112 0
    82 124 50 155 5 224 11 143 16 131 33 255 220 192 80 232 17 201 16 28
    0 0 4 64 31 248 8 127 254 34 0 0 129 248 3 31 8 0 3 137 0 121 125
    159 233 222 133 109 193 255 255 190 24 1 179 254 207 248 23 111 255
    107 253 255 221 255 171 176 132 128 0 27 16 73 56 0 95 220 249 192 1
    248 63 240 1 226 135 248 47 240 6 126 0 99 255 254 61 255 235 95 27
    127 51 103 31 40 255 255 248 158 224 255 6 23 255 248 0 8 7 248 31
    223 158 98 168 99 127 15 114 6 235 223 126 248 235 159 220 248 127
    255 251 194 227 63 129 208 63 191 15 223 71 57 247 194 55 120 252 27
    7 176 189 192 30 30 228 251 236 189 224 125 158 0 58 92 179 61 30 31
    8 31 128 31 215 255 223 254 11 190 218 125 236 2 76 0 5 158 248 255
    204 191 224 192 159 255 253 99 3 248 1 236 0 23 199 254 7 240 7 216
    59 255 255 162 112 207 205 250 1 159 59 127 3 0 23 64 63 127 224 189
    3 76 31 127 240 30 3 255 231 253 225 255 132 20 155 255 255 238 109
    95 254 159 59 127 236 181 231 127 223 0 53 193 236 182 15 255 255
    193 189 254 255 255 159 254 6 127 248 107 250 7 221 1 235 191 251
    127 251 157 158 132 95 0 57 220 226 254 123 255 255 195 191 254 6
    109 255 254 6 95 234 255 255 191 141 1 59 239 123 127 12 255 221 134
    63 0 61 220 95 252 1 192 111 248 127 248 6 16 31 192 255 128 255 226
    7 241 188 127 255 31 31 67 237 142 111 188 125 0 46 96 251 250 6 15
    207 224 4 0 71 255 159 255 224 99 224 99 248 0 98 129 107 31 107 252
    251 159 216 152 95 255 255 216 232 255 5 140 12 128 0 0 3 234 31 120
    96 127 255 162 224 222 76 0 3 159 62 0 11 137 16 131 37 255 196 225
    51 112 1 252 127 240 1 252 199 123 159 192 6 111 232 227 240 255 140
    120 15 95 59 127 235 63 31 152 127 255 252 214 227 224 129 249 127
    255 15 220 4 24 127 128 55 125 219 227 15 249 189 244 10 79 12 131
    204 121 229 125 189 0 52 92 235 57 30 7 192 64 0 224 71 241 223 255
    192 96 186 107 96 2 67 129 58 158 43 16 97 191 147 188 94 191 127
    216 237 207 1 248 115 240 244 248 30 1 156 224 255 250 120 2 33 242
    183 233 3 143 123 115 237 187 252 152 127 127 236 127 239 225 1 60
    62 224 1 248 7 232 115 252 4 111 200 67 252 236 76 43 255 159 27 123
    251 167 239 169 229 127 249 144 227 128 64 192 1 16 240 126 7 187 31
    193 251 138 255 227 192 31 162 58 10 95 251 60 77 240 216 136 95 127
    58 103 19 3 129 237 95 224 190 0 6 112 103 248 8 127 255 131 112 102
    135 249 5 158 4 128 223 96 232 131 144 239 225 63 121 192 238 70 1 1
    248 0 123 255 24 242 59 1 240 47 160 99 93 0 67 16 132 128 15 137 16
    129 32 254 207 196 16 197 62 38 128 0 0 19 255 191 243 195 200 127
    160 219 126 255 193 255 165 238 251 127 243 253 252 130 223 0 51 156
    99 96 1 236 127 244 23 192 6 122 31 48 0 125 7 226 240 255 135 251
    235 175 7 131 52 10 35 121 189 255 245 160 233 132 73 255 59 249 253
    255 199 255 231 240 63 254 11 223 255 255 221 254 63 223 59 127 255
    127 175 184 127 0 62 255 44 64 1 255 255 128 1 248 7 255 159 224 6 5
    128 99 255 255 189 255 251 211 27 1 239 243 248 235 184 255 255 208
    233 66 1 214 127 176 1 207 7 248 79 225 134 109 4 235 103 247 109
    255 171 159 59 31 240 124 111 121 191 63 187 24 227 122 1 128 63 240
    144 126 199 255 223 192 23 107 252 227 80 248 29 34 235 223 251 127
    235 125 222 152 127 127 186 88 226 0 134 52 46 255 31 228 99 236 227
    113 193 190 248 159 255 254 108 63 222 80 132 128 77 159 216 246 64
    0 19 211 97 224 72 130 92 128 0 63 7 248 231 243 224 130 175 147 100
    22 64 0 47 159 251 27 204 243 248 136 124 126 55 193 126 49 5 63 63
    30 7 255 7 225 223 254 6 116 18 34 124 110 93 255 3 159 26 123 220
    253 231 119 191 31 253 156 227 232 7 63 255 150 3 3 231 248 97 255 6
    127 128 147 255 174 125 127 165 155 10 246 19 133 23 65 176 255 198
    152 225 240 77 134 26 0 208 0 63 255 29 248 52 15 248 35 32 195 92
    127 195 17 252 0 11 141 16 130 48 254 201 65 19 192 224 128 228 128
    0 0 103 48 17 193 192 127 252 41 3 0 64 0 3 16 180 0 3 137 0 2 48
    255 249 171 31 194 31 255 255 248 60 224 8 104 24 127 4 130 255 239
