<?xml version="1.0"?>
<opencv_storage>
<desc type_id="opencv-matrix">
  <rows>150</rows>
  <cols>32</cols>
  <dt>u</dt>
  <data>
    225 255 255 159 191 95 199 127 239 192 5 249 194 111 255 255 189 255
    235 223 244 255 12 124 37 87 31 0 60 93 91 4 1 255 62 123 7 248 7
    120 31 252 5 130 120 35 124 239 205 127 131 159 11 112 111 143 159
    158 127 255 248 81 97 240 5 255 62 123 7 248 7 250 31 252 5 128 120
    35 124 231 77 127 163 159 27 96 111 159 159 158 127 63 224 88 97 240
    133 191 127 240 56 0 59 79 24 62 6 126 136 127 255 174 125 127 255
    225 6 224 75 143 128 136 99 237 204 220 251 240 4 3 30 8 0 224 7 224
    30 127 4 126 5 227 224 0 65 191 255 155 27 3 178 70 111 62 96 255
    200 28 224 3 1 255 126 255 15 255 71 252 215 240 5 146 154 235 124
    254 77 127 191 159 91 255 236 157 229 246 127 6 61 217 99 192 129
    255 255 191 31 127 214 127 159 192 7 249 255 99 215 255 157 250 251
    255 244 255 12 57 5 75 31 0 60 92 242 2 129 255 255 254 15 252 0 126
    127 224 4 124 2 107 255 255 189 255 235 227 6 139 204 124 233 230
    188 0 28 28 233 6 121 249 208 3 128 63 199 255 191 226 8 225 31 99
    100 127 132 32 43 158 248 63 204 114 236 133 31 255 58 190 22 8 5
    255 255 228 31 232 0 126 103 248 4 126 22 235 255 255 253 255 235
    227 3 129 220 220 107 118 176 0 89 28 233 6 1 255 127 240 0 112 119
    255 243 240 6 110 251 251 112 254 77 248 11 155 27 96 203 157 158
    152 120 255 254 92 225 192 1 255 126 255 15 255 7 252 215 240 5 144
    154 235 124 254 77 127 191 159 90 255 236 157 229 246 127 6 61 217
    227 192 129 255 255 244 26 3 135 253 143 248 7 68 126 235 249 238
    157 255 171 156 196 128 20 92 33 120 156 207 57 16 241 192 122 251
    220 3 136 63 7 255 223 231 136 192 254 227 204 63 128 38 15 223 251
    27 204 252 232 133 31 127 59 110 22 80 1 248 127 224 2 130 6 123 159
    192 22 111 248 35 241 255 191 235 235 254 11 128 48 61 161 104 159
    255 253 92 225 0 131 255 255 240 62 128 8 120 1 254 22 68 127 235
    255 255 189 255 255 225 7 128 243 133 2 121 161 0 201 28 233 1 2 9
    158 224 4 96 7 224 0 255 4 71 116 45 42 0 24 1 227 27 11 65 147 8 31
    136 97 159 195 0 225 214 2 0 15 224 213 224 120 3 24 15 49 223 0 36
    30 168 29 255 210 99 11 98 51 131 31 26 99 191 200 28 96 240 0 0 34
    111 223 255 199 172 227 240 55 184 0 127 255 252 125 255 251 223 253
    255 204 114 255 230 159 4 60 81 3 4 133 255 255 240 18 0 33 254 71
    240 22 69 254 235 244 255 255 255 175 240 6 128 50 13 2 121 208 0 25
    92 233 65 62 2 0 0 0 0 6 0 63 223 132 31 127 194 15 0 72 0 4 143 123
    8 223 242 248 130 165 255 227 32 2 250 2 11 222 224 0 96 7 224 14
    127 4 95 116 34 50 0 0 1 235 27 11 67 179 72 31 10 96 191 195 18 225
    134 193 255 127 196 58 1 248 127 1 248 62 124 0 107 255 239 191 245
    60 144 132 192 1 135 16 104 176 255 220 220 251 255 5 63 255 224 31
    32 247 252 224 252 6 106 136 223 253 204 93 127 255 217 3 244 3 135
    151 136 32 255 220 220 225 240 129 191 255 224 62 32 120 65 152 124
    6 106 192 29 255 136 125 255 255 129 7 224 11 159 146 128 35 255 204
    220 249 248 1 252 62 30 7 254 7 120 31 240 6 116 22 227 125 255 221
    127 175 159 26 75 252 124 103 119 191 63 253 216 225 192 1 255 63
    126 7 255 231 253 241 248 6 127 208 27 255 254 93 127 254 158 250
    255 180 253 231 118 95 14 61 28 227 240 4 0 0 6 0 0 27 160 28 224 22
    127 240 16 0 2 95 254 0 29 4 128 3 29 16 64 131 255 194 156 129 105
    1 252 63 30 7 255 7 248 15 240 6 116 146 227 125 255 221 127 175 159
    10 143 12 124 103 117 157 223 253 216 225 224 192 48 33 53 250 0 72
    1 16 0 127 237 32 2 255 248 61 255 191 199 4 224 179 132 30 105 163
    199 235 156 145 240 12 2 8 0 64 0 23 254 31 198 52 7 191 162 2 3 92
    31 131 25 59 0 11 138 88 130 63 255 195 128 19 250 2 241 239 248 7
    224 0 16 71 131 214 127 128 2 7 253 187 252 3 227 11 67 243 11 15
    121 225 159 205 190 232 127 13 255 255 48 0 0 251 251 177 240 6 122
    137 211 127 231 253 127 255 176 10 240 3 135 154 152 114 255 204 220
    225 192 130 48 143 190 14 1 128 0 99 195 135 250 0 111 255 252 182
    63 254 64 132 128 2 3 16 90 0 255 218 255 240 1 193 208 59 63 222 15
    6 56 111 192 23 127 255 195 71 252 189 244 45 159 68 190 4 126 81
    121 151 0 58 220 147 60 1 204 9 231 255 255 7 96 103 240 59 148 7
    232 0 2 87 255 255 159 255 255 252 114 237 166 151 4 59 213 51 141 5
    14 31 240 253 251 135 255 15 252 59 135 255 108 120 142 93 97 255
    159 59 127 178 120 127 153 127 4 57 33 224 184 1 248 27 240 240 248
    14 1 156 56 59 255 252 0 112 224 159 232 51 143 59 123 243 191 220
    152 127 127 234 255 106 225 14 0 0 0 0 0 6 128 23 30 0 255 250 36 16
    8 65 224 2 135 24 0 3 137 0 0 40 255 252 253 0 141 62 118 0 31 1 255
    255 255 239 224 133 144 0 47 255 255 253 255 163 255 251 127 252 122
    239 182 255 24 60 213 3 64 1 255 254 0 0 16 135 248 39 240 4 124 119
    227 127 246 12 63 171 159 187 67 178 96 94 134 248 127 254 17 227
    224 1 248 60 0 1 63 7 255 223 224 4 0 62 235 125 248 141 47 255 158
    251 15 76 94 96 129 31 127 58 65 66 192 31 255 254 128 0 7 215 255
    223 255 132 104 0 235 127 135 205 117 3 158 251 126 48 126 223 120
    223 255 190 152 237 254 3 255 255 188 1 232 6 63 159 131 134 126 94
    99 196 255 132 0 107 111 59 1 220 157 225 120 127 191 252 30 224 1
    225 255 123 31 10 15 7 127 191 248 22 117 15 235 253 239 189 255 255
    156 244 191 156 242 232 101 159 0 57 144 159 224 1 248 127 254 31
    230 7 112 31 200 4 191 255 227 113 248 141 255 3 159 70 128 252 68
    97 119 223 7 33 17 241 227 1 254 127 224 4 126 255 127 159 240 6 96
    44 107 255 255 125 255 251 255 251 124 75 131 222 136 95 4 58 220
    235 144 31 255 255 240 1 7 199 255 207 255 4 104 2 227 127 7 77 21
    43 158 43 126 2 31 23 120 31 255 246 208 237 254 5 255 255 248 55
    224 57 254 255 254 23 127 255 253 255 191 255 215 253 249 3 127 243
    253 239 123 119 0 28 214 233 31 5 63 60 127 7 255 119 253 248 252 5
    240 254 29 249 194 77 1 60 159 59 123 253 253 237 253 242 12 63 121
    98 232 255 255 242 20 0 131 255 255 227 249 198 124 0 127 255 255
    251 255 191 240 138 60 50 103 155 120 152 254 222 152 237 254 63 127
    131 192 253 255 251 255 255 248 254 65 158 255 253 255 254 255 253
    240 251 31 244 125 225 133 222 24 31 214 45 128 1 249 255 192 1 224
    6 127 159 128 134 126 0 99 215 255 188 10 235 254 11 0 244 124 227
    120 190 191 253 26 232 2 1 160 11 241 253 252 7 127 159 8 63 143 242
    236 125 248 125 235 255 191 59 105 237 156 235 184 127 6 61 232 33
    192 217 255 255 224 48 0 121 254 16 112 248 111 224 237 239 199 191
    131 252 112 7 192 3 133 26 8 32 0 78 238 236 31 5 255 60 0 0 31 135
    255 207 192 4 128 62 235 4 255 205 47 47 158 250 15 12 94 32 129 31
    255 58 65 67 64 13 254 60 0 0 17 7 248 255 240 0 15 255 235 252 254
    77 127 191 158 251 24 36 243 248 131 92 127 51 209 99 64 4 128 12 14
    0 159 119 255 221 195 132 126 216 251 0 23 192 58 92 31 250 127 237
    157 224 246 223 255 221 216 226 64 129 255 255 188 18 1 135 254 71
    224 7 69 254 235 116 255 157 255 171 144 132 128 48 29 0 121 144 0
    25 92 249 65 1 233 127 112 1 194 6 17 223 192 22 108 194 208 0 112
    146 11 4 159 11 58 48 189 243 121 223 2 36 94 237 67 65 252 127 227
    253 254 6 111 223 120 37 248 150 239 249 254 28 121 255 239 255 111
    236 220 100 128 255 0 60 233 123 136 1 252 127 240 1 227 134 127 223
    192 22 67 254 35 245 255 189 235 171 254 11 0 48 125 3 121 94 191
    249 30 225 0 7 255 254 226 14 127 7 255 223 216 4 75 194 235 8 135
    205 64 92 127 251 255 12 31 36 128 95 255 252 144 226 60 31 255 216
    0 0 26 7 250 15 240 0 127 255 227 116 255 69 127 235 159 123 3 100
    26 4 43 253 28 21 225 103 32 1 255 127 240 1 143 199 255 223 194 6
    101 254 43 20 119 221 127 227 158 251 127 240 122 239 121 159 14 57
    24 227 192 1 249 63 126 7 232 6 0 31 130 6 119 254 34 127 255 157
    255 163 175 10 195 245 140 39 119 255 31 233 28 225 224 249 255 255
