<?xml version="1.0"?>
<opencv_storage>
<desc type_id="opencv-matrix">
  <rows>150</rows>
  <cols>32</cols>
  <dt>u</dt>
  <data>
    12 196 0 0 192 112 199 240 99 240 32 66 97 163 64 86 65 224 11 159
    59 103 51 4 31 136 125 255 244 28 1 77 122 224 128 0 0 16 6 0 63 193
    224 71 119 227 1 120 178 218 107 207 59 0 157 224 248 128 53 0 59 32
    174 7 77 62 63 152 248 222 127 239 248 124 63 159 255 223 253 238 92
    47 237 223 255 125 255 254 252 190 71 0 2 199 147 208 31 127 255 224
    53 224 8 0 24 127 96 0 255 255 255 255 157 255 254 227 11 0 251 140
    42 191 97 0 139 81 237 88 63 255 255 224 125 240 1 254 127 220 36 0
    15 239 253 223 253 198 127 225 27 25 252 246 233 136 252 0 27 144
    108 20 0 192 34 0 0 96 7 240 103 224 6 123 115 227 3 210 188 124 2
    159 59 0 179 72 123 31 120 255 246 16 129 122 1 131 255 241 252 248
    56 0 48 63 251 128 201 16 2 0 50 128 0 15 59 113 255 163 252 139 103
    255 197 70 234 255 14 6 140 112 1 248 119 255 253 255 128 127 234
    255 234 6 64 7 254 95 59 123 251 191 254 152 127 28 60 193 226 83 1
    230 126 127 15 252 119 255 158 112 4 80 255 45 225 230 125 249 161
    159 123 255 239 179 222 150 127 4 27 88 227 138 30 0 0 0 0 0 6 0 23
    131 224 65 252 227 4 48 34 242 207 79 59 64 3 141 0 137 61 0 58 80
    228 25 13 14 220 224 240 250 7 251 31 252 233 137 61 34 112 14 64 1
    171 159 123 127 179 226 255 137 127 63 170 3 111 128 1 196 110 127 7
    254 247 255 252 112 133 146 254 61 225 230 125 249 241 159 123 127
    239 187 222 150 95 4 58 216 227 142 5 196 14 127 7 254 247 255 249
    240 133 154 254 253 97 226 125 249 188 159 251 125 239 191 222 190
    95 14 58 209 227 197 249 255 255 224 189 255 255 255 145 242 22 64
    127 251 243 127 186 11 141 248 251 127 1 129 7 137 158 0 53 98 255
    195 134 0 12 192 84 0 25 130 28 62 96 15 250 38 224 0 2 34 3 81 4
    128 15 137 16 131 32 255 197 1 105 88 126 7 192 0 0 28 231 249 227
    255 128 171 35 147 232 6 65 96 47 158 251 125 155 243 220 136 95 127
    38 33 71 248 14 7 206 224 16 243 199 255 175 255 224 1 111 227 60 7
    114 49 15 159 59 127 178 98 255 137 126 30 56 32 107 248 0 0 15 224
    7 112 7 248 31 200 248 71 255 99 128 89 130 0 75 95 11 128 13 138 19
    129 61 255 251 226 224 5 63 127 255 190 6 63 252 255 236 31 4 127
    224 253 255 255 141 7 253 120 234 191 144 124 255 9 30 0 61 56 239
    254 249 255 255 144 32 28 127 255 253 246 23 95 252 223 255 255 189
    81 127 248 252 56 207 253 248 154 94 0 26 20 222 206 18 232 0 64 1
    62 6 0 95 192 8 104 10 34 0 241 132 0 1 143 123 115 141 191 224 201
    159 63 182 34 231 0 14 7 28 112 0 124 247 253 241 254 8 170 233 155
    112 7 68 41 165 159 251 124 235 247 220 152 95 12 54 225 99 224 1
    236 95 224 156 252 7 96 255 248 10 106 191 211 96 194 4 1 45 159 123
    89 239 243 252 152 117 6 54 234 227 192 5 6 8 113 132 254 247 253
    241 252 9 155 232 155 96 6 69 249 37 159 251 127 239 183 220 154 127
    12 38 197 99 224 5 38 30 120 1 254 119 255 249 252 5 191 255 221 112
    102 69 233 188 159 123 124 111 255 222 188 95 12 62 249 227 196 30
    23 197 240 0 223 135 240 111 255 250 1 37 235 47 0 64 21 255 159 123
    127 176 118 255 57 223 63 58 32 238 190 4 7 255 224 3 255 7 255 159
    255 134 103 54 235 175 0 114 215 254 31 59 127 244 92 111 121 223 14
    59 30 224 191 1 128 40 0 1 96 0 2 31 0 4 190 63 226 3 1 141 80 1 47
    27 2 4 12 3 94 103 255 198 209 65 158 1 236 60 0 0 124 30 127 31 0 0
    64 36 45 192 223 204 2 131 111 123 123 239 138 252 134 127 127 250
    210 99 12 1 176 255 224 127 255 247 255 225 195 254 71 205 223 255
    252 125 230 254 220 255 255 4 55 135 67 30 0 57 84 235 29 1 128 8 0
    129 248 24 11 28 0 4 126 23 226 128 1 141 192 2 111 27 67 145 140 39
    2 175 63 206 153 65 125 23 127 255 240 55 224 56 8 112 159 6 127 251
    223 254 40 132 15 94 67 11 113 251 141 175 250 97 0 133 209 232 241
    5 6 12 122 4 240 7 254 255 248 8 3 239 219 96 66 69 97 173 159 59 89
    251 247 248 133 125 30 54 164 225 192 30 23 197 240 0 223 135 240
    111 255 250 1 37 235 47 0 64 21 255 159 123 127 176 118 255 57 223
    63 58 32 238 190 23 127 255 240 55 248 56 0 112 159 6 127 251 223
    254 40 140 15 94 67 11 113 251 129 175 250 97 0 132 209 232 241 251
    255 240 23 224 5 70 127 255 0 23 127 255 227 255 255 189 249 222 120
    252 24 12 247 248 129 28 32 48 156 151 206 1 249 255 240 23 192 8 1
    28 0 214 105 64 34 23 255 191 248 3 111 11 227 179 140 15 121 239 3
    168 22 233 165 6 19 239 224 1 248 7 248 23 255 132 127 225 99 63 128
    123 196 107 31 27 125 235 130 222 168 255 63 235 214 226 255 30 2
    129 224 96 248 7 225 159 255 250 72 251 130 0 0 98 0 1 159 123 121
    235 187 220 152 127 127 228 66 239 255 187 255 255 240 52 0 120 126
    224 199 244 111 241 159 223 191 185 124 126 96 7 192 51 133 146 152
    96 0 84 158 236 58 6 31 255 232 1 248 7 248 15 255 132 127 161 227
    47 0 114 212 126 31 27 69 251 66 30 190 253 63 255 222 226 255 6 7
    222 254 7 255 199 255 199 255 128 120 0 235 8 0 64 32 11 158 202 247
    77 141 7 116 126 14 60 66 227 248 233 255 255 23 184 1 185 126 199
    220 23 124 30 127 255 255 253 254 237 240 196 128 12 30 0 64 152 192
    26 223 156 56 1 128 40 62 0 64 6 0 79 192 7 159 247 226 3 1 157 67
    237 143 58 0 12 124 16 94 85 255 254 193 193 158 13 254 32 0 0 3 247
    255 225 240 248 127 226 217 97 247 109 121 60 152 250 60 50 124 30 8
    152 0 60 40 131 192 225 220 48 128 0 0 23 235 30 120 96 7 240 34 233
    194 28 0 3 152 254 0 11 136 0 128 28 255 233 224 63 114 5 15 255 254
    7 255 231 255 227 255 132 120 0 235 42 2 64 0 11 30 250 255 77 141 7
    246 95 14 60 192 227 250 1 131 63 240 144 126 7 127 223 14 23 111
    238 236 128 0 31 128 4 127 123 127 243 255 222 152 127 127 182 190
    226 31 6 35 143 224 7 60 7 252 31 199 158 106 250 239 254 61 65 143
    131 223 11 128 79 157 152 128 63 223 252 126 225 7 1 255 255 26 0
    240 7 255 255 248 6 99 127 235 109 194 62 101 4 158 59 16 253 255
    232 137 124 191 244 62 225 248 51 232 0 64 192 31 199 255 255 224
    104 158 127 194 0 119 129 32 5 158 251 127 141 189 252 138 94 255 54
    7 35 0 1 142 63 254 7 130 199 96 97 252 23 124 41 19 123 194 93 125
    165 159 2 255 179 99 223 105 177 143 226 63 225 254 255 255 240 128
    248 20 6 254 255 249 248 131 234 239 255 255 197 112 254 108 252 48
    13 191 144 128 95 96 60 236 30 140 13 255 255 96 151 255 255 255 221
    252 6 127 192 125 253 135 221 116 4 63 27 127 49 189 231 42 191 12
    61 190 224 248 6 75 238 244 3 192 0 128 31 119 132 126 159 98 35 0
    34 7 255 131 11 0 99 11 3 120 160 159 205 248 224 159 5 239 30 3 140
    62 7 240 31 252 7 23 190 224 48 2 94 1 0 159 121 31 20 124 124 135
    95 255 163 146 67 192 7 239 26 67 140 126 7 240 31 252 7 135 62 226
    48 3 92 0 0 159 121 31 148 124 101 130 95 255 163 150 67 193 0 0 7
    196 95 191 199 224 103 240 248 89 7 227 127 224 60 3 255 158 251 31
    12 96 97 67 152 6 52 2 105 138 65 241 255 240 63 255 135 49 239 195
    11 193 127 194 15 177 141 127 253 159 251 127 222 118 239 137 127 7
    48 60 251 208 129 255 255 240 60 247 199 127 231 226 23 64 12 107
    231 127 157 26 154 254 231 253 255 243 248 184 222 0 57 28 251 3 13
    255 255 240 7 255 255 255 221 252 6 127 216 125 255 135 221 116 20
    63 27 127 177 191 231 9 255 0 57 62 232 248 6 7 207 240 7 254 7 225
    159 255 250 104 58 34 2 0 114 128 3 159 123 115 205 159 161 152 127
    63 174 110 235 191 62 54 128 128 65 125 127 255 254 7 232 227 254
    125 255 255 97 255 254 124 251 120 205 255 248 129 94 56 58 220 46
    228 62 54 128 128 65 125 127 255 254 7 232 227 254 125 255 255 97
    255 254 124 251 120 205 255 248 129 94 56 58 220 46 228 121 255 243
    56 161 223 247 255 241 248 23 96 13 187 255 255 189 11 235 223 251
    127 241 167 231 120 255 0 49 94 142 199 249 255 255 7 248 55 158 127
    223 192 23 120 62 109 255 255 189 122 186 240 244 0 12 123 0 132 156
    224 58 222 23 14 1 159 254 30 0 4 7 254 95 253 134 127 254 239 235 6
