<?xml version="1.0"?>
<opencv_storage>
<desc type_id="opencv-matrix">
  <rows>150</rows>
  <cols>32</cols>
  <dt>u</dt>
  <data>
    129 128 11 190 79 128 7 0 3 248 55 156 2 195 32 192 95 244 12 158 4
    128 36 14 1 126 128 0 45 193 176 248 243 233 199 128 248 0 4 0 31
    128 254 30 1 35 0 125 178 250 235 207 245 0 3 130 24 130 23 0 34 6
    30 5 99 255 255 241 255 248 0 124 127 246 23 96 0 127 255 255 189
    130 235 103 27 27 220 119 253 136 161 0 27 28 250 21 241 249 255 224
    255 254 4 8 239 254 119 68 40 31 255 252 189 226 235 79 123 95 4 127
    247 8 165 1 59 220 126 21 4 32 11 113 223 255 255 255 128 0 63 233
    255 44 127 255 125 255 187 248 195 254 11 131 23 137 158 12 38 222
    225 196 30 3 132 30 3 15 15 129 28 63 132 63 151 99 250 8 66 15 251
    207 106 174 12 136 33 67 159 255 236 131 225 18 19 255 255 240 52 96
    24 2 28 15 6 98 104 4 31 141 189 135 194 99 3 64 3 159 147 136 103 0
    206 94 237 95 1 132 31 240 223 252 199 120 231 248 59 2 43 99 44 192
    95 225 251 159 59 127 251 227 223 154 127 6 62 230 224 184 62 126
    128 28 1 255 255 255 158 96 197 232 15 32 127 247 237 251 251 191
    251 127 51 138 23 121 127 24 38 221 131 201 25 200 192 0 0 0 1 96 30
    113 192 127 255 34 96 192 0 0 3 159 58 0 107 139 0 134 101 255 193
    219 71 81 126 4 0 128 64 0 19 250 31 48 96 15 252 34 32 194 92 1 3
    49 186 0 11 141 0 131 44 255 203 192 59 192 5 31 62 58 5 252 127 255
    220 252 5 187 171 24 61 131 77 125 0 63 59 127 235 187 222 190 127
    12 38 249 227 248 0 128 47 240 92 248 7 16 31 192 55 106 122 227 3
    208 125 254 3 159 59 112 235 191 156 152 127 7 54 92 226 14 226 64 8
    0 208 0 23 251 31 112 52 0 8 34 0 0 28 27 3 24 244 0 11 139 16 129
    28 255 206 192 19 202 1 255 126 254 7 192 8 72 93 220 5 255 128 123
    159 135 221 84 132 103 2 195 243 156 111 127 225 0 24 185 225 190 12
    3 62 192 1 254 7 129 156 63 4 87 219 16 10 0 72 0 0 15 59 123 253
    153 225 167 255 63 165 208 99 254 129 200 78 128 16 0 17 224 28 120
    224 127 254 39 224 128 0 4 3 145 4 128 11 139 16 128 32 255 204 161
    121 112 1 255 254 252 3 192 25 124 93 252 4 127 192 127 175 135 221
    5 197 99 3 65 243 157 255 127 97 0 28 185 225 190 1 232 8 16 1 255
    135 248 239 192 4 109 28 235 0 255 141 235 143 223 59 95 240 124 111
    121 191 63 185 30 227 5 6 124 8 123 141 253 7 255 159 120 31 128 130
    228 253 254 76 124 125 158 251 3 236 92 32 132 126 0 60 231 194 168
    1 191 63 255 255 252 15 65 156 30 31 192 255 255 252 140 93 231 173
    207 5 128 109 220 249 184 111 0 61 94 225 249 64 128 12 0 0 0 71 160
    17 227 128 127 248 43 0 114 65 128 3 16 132 0 3 137 16 64 48 255 250
    190 17 141 5 255 255 250 30 192 33 254 71 224 135 120 255 171 243
    255 252 9 235 112 6 128 243 27 2 189 112 128 214 94 232 134 97 200
    206 128 0 0 1 96 30 113 224 63 252 34 225 192 0 0 3 155 54 0 11 137
    16 130 33 255 201 129 27 112 1 224 12 14 1 222 135 255 239 192 4 96
    255 227 128 253 141 202 254 95 250 127 239 116 252 245 255 127 186
    222 194 5 6 0 8 112 1 112 30 1 156 15 0 175 192 100 0 0 64 0 0 15 27
    112 3 159 159 152 127 255 236 169 224 62 69 62 63 140 123 255 191
    239 220 124 52 247 255 223 255 238 92 125 255 121 255 63 238 123 236
    246 207 0 25 249 26 248 5 255 255 250 63 127 255 251 254 124 10 10
    15 211 252 238 76 41 255 184 207 250 13 251 216 154 126 0 38 3 234
    224 30 0 129 128 0 151 198 129 239 31 250 78 39 128 0 0 114 128 0 14
    251 61 250 112 254 186 223 255 243 166 238 255 1 232 15 116 3 239
    135 124 239 192 22 109 84 107 65 255 191 250 163 223 59 63 240 124
    111 121 159 63 185 20 225 5 6 2 143 192 112 6 6 128 255 31 250 79
    255 224 2 0 114 128 0 15 251 29 252 120 248 138 223 255 243 6 235
    191 143 255 255 248 18 0 49 254 239 255 96 127 250 255 255 191 221
    98 60 240 134 128 0 61 144 120 112 0 30 223 233 28 126 7 192 128 0 2
    7 225 223 255 224 127 255 146 112 28 66 3 191 159 251 54 0 59 148 72
    31 255 230 233 63 4 30 0 129 192 96 23 198 129 239 31 250 79 39 0 0
    0 98 128 0 14 251 61 250 120 252 170 223 255 243 46 238 223 1 249 62
    120 5 255 7 123 31 194 5 191 192 99 7 183 157 16 11 158 251 3 252
    127 225 190 95 6 61 209 226 30 1 134 30 62 7 252 7 115 31 248 6 127
    210 226 120 231 77 13 1 175 27 99 253 157 225 118 255 31 173 208 227
    224 126 15 214 192 240 30 7 225 31 255 224 124 15 130 104 0 114 0
    227 159 251 127 146 122 28 128 159 255 230 162 63 19 1 224 63 192 0
    126 7 255 223 128 6 2 254 237 128 127 140 0 92 127 251 56 76 255 248
    150 95 127 191 194 226 0 129 255 255 240 48 1 127 255 223 247 22 127
    248 253 247 127 157 216 58 176 198 128 5 189 240 120 94 0 58 212 250
    38 1 132 24 64 1 152 7 65 31 252 32 103 252 98 56 128 68 37 107 159
    59 107 255 156 238 121 191 63 169 2 226 240 129 192 63 255 255 248 7
    56 15 226 31 192 143 227 192 126 13 254 254 159 5 131 100 14 35 61
    240 255 233 222 80 0 1 232 62 127 159 254 7 114 31 224 5 158 159 2
    112 124 157 96 3 159 25 243 237 155 161 182 127 95 228 221 99 68 126
    7 208 128 96 6 7 225 31 255 224 127 175 194 120 28 114 2 191 159 251
    28 0 123 144 64 159 255 230 168 63 28 30 2 0 96 0 114 199 255 223 39
    96 11 230 236 0 0 66 0 0 63 123 127 179 126 223 152 127 63 190 128
    102 63 1 128 31 248 0 192 71 97 191 248 31 127 240 2 40 128 93 225
    191 159 27 125 243 165 158 190 127 15 36 222 225 248 1 232 12 130 0
    124 71 255 159 128 0 126 254 227 128 125 133 106 254 95 251 125 239
    157 252 134 95 127 187 193 98 0 1 232 12 192 4 126 7 255 159 0 8 30
    254 239 128 89 133 106 254 127 251 124 111 189 216 134 95 255 191
    192 226 0 1 251 252 224 0 243 231 252 227 199 128 105 101 107 255
    191 136 118 255 94 187 127 178 96 31 25 124 63 120 56 232 62 1 192
    127 240 63 240 7 32 103 240 206 96 255 107 1 192 35 254 26 31 11 118
    99 59 159 136 125 7 62 222 232 105 6 7 30 54 0 0 7 248 223 254 4 127
    251 171 96 0 73 64 11 159 10 192 11 159 144 137 63 14 52 249 225 254
    31 127 255 224 240 120 7 224 31 255 254 7 8 34 63 2 122 65 58 159
    123 115 255 143 236 136 119 127 229 0 235 246 1 128 63 255 31 232 31
    3 28 0 7 242 192 100 15 192 29 128 1 31 7 192 109 157 35 118 103 143
    200 221 225 127 1 255 126 191 15 252 7 112 31 248 5 190 203 226 60
    231 141 47 4 159 27 97 253 159 225 254 255 7 181 217 225 240 1 200
    127 240 61 240 4 0 95 240 222 64 238 99 0 0 163 255 26 31 27 67 115
    123 159 152 125 2 62 222 236 105 255 253 160 0 224 22 254 255 255
    240 96 255 0 16 117 247 189 251 191 188 248 125 251 251 248 135 223
    48 44 157 31 200 5 191 255 248 63 255 87 249 253 252 32 130 15 211
    252 239 76 33 255 159 203 250 77 255 216 154 126 0 38 193 234 160 15
    255 255 248 2 64 41 252 65 253 196 255 255 255 255 255 246 241 253
    225 6 128 3 15 18 120 97 0 220 89 232 184 15 255 255 240 0 248 7 241
    31 255 254 67 232 35 127 47 251 209 131 175 59 113 251 139 222 153
    127 127 238 214 235 255 1 251 62 248 151 254 6 27 31 134 5 191 192
    34 14 25 141 0 3 95 123 63 108 191 160 190 95 7 60 249 98 56 1 236
    31 236 3 207 7 255 159 224 4 116 244 107 112 247 197 43 131 159 59
    111 244 92 111 125 191 15 59 88 225 192 5 15 30 127 159 252 119 225
    176 252 7 128 253 147 232 2 77 239 254 159 27 251 239 163 222 150
    103 14 34 93 99 209 158 7 246 4 0 7 247 255 223 255 132 31 210 25 11
    7 115 208 1 188 228 180 12 157 160 67 30 255 116 0 229 255 4 7 30 48
    0 0 7 254 255 254 4 127 250 155 232 7 77 64 10 159 10 144 13 191 128
    136 63 30 53 184 227 254 3 255 255 225 191 254 4 77 252 126 7 118
    102 253 255 254 157 244 190 207 59 127 252 124 255 156 127 0 61 92
    123 185 14 31 188 56 0 192 107 193 240 63 4 190 41 20 63 128 77 53
    243 143 27 112 51 131 159 56 99 63 226 57 225 250 30 224 196 128 0
    248 199 253 241 195 192 3 139 251 131 127 162 2 12 91 251 83 251 191
    172 154 120 127 117 192 98 14 30 23 252 0 0 7 215 255 207 255 0 120
    87 255 255 12 76 15 239 88 251 15 148 92 97 97 156 254 112 33 97 210
