<?xml version="1.0"?>
<opencv_storage>
<desc type_id="opencv-matrix">
  <rows>150</rows>
  <cols>32</cols>
  <dt>u</dt>
  <data>
    19 251 255 240 20 112 8 0 30 15 23 97 255 224 63 61 187 131 254 239
    27 64 203 139 218 137 103 0 44 94 233 199 1 132 31 249 223 254 199
    120 231 248 63 2 161 35 12 192 93 224 43 159 59 127 251 227 223 154
    127 6 59 196 240 248 6 0 207 224 115 224 248 128 0 15 248 104 0 20 0
    0 98 0 0 3 3 70 99 13 7 120 160 255 206 99 232 151 31 127 255 240 20
    96 24 2 28 30 23 64 106 100 31 143 189 131 180 231 3 64 75 159 216
    136 103 0 142 94 225 31 0 2 62 30 3 15 14 1 28 62 4 25 147 32 2 0 72
    3 251 143 122 46 4 88 97 75 31 255 236 129 225 158 4 2 28 30 0 6 7
    128 31 127 0 27 16 99 250 24 64 15 171 207 106 156 20 113 160 95 95
    255 188 147 225 66 1 132 63 225 253 249 199 249 163 252 56 19 193
    227 249 136 93 103 255 95 27 127 99 6 31 134 124 6 61 192 115 28 225
    255 255 192 49 135 255 255 129 224 22 109 127 107 127 255 253 159
    191 184 247 127 48 1 23 121 158 0 43 28 249 231 26 64 128 120 7 248
    120 7 240 1 249 146 64 28 0 0 162 0 2 111 27 113 219 165 223 158 103
    255 204 35 236 15 1 192 127 224 241 248 24 7 220 0 105 159 252 28
    128 31 130 0 67 111 27 115 253 155 255 250 231 255 203 227 104 1 1
    255 255 192 0 160 8 0 126 62 6 95 252 60 255 31 191 192 18 231 27 83
    243 249 255 42 231 0 27 144 233 31 1 132 63 251 223 252 71 249 247
    248 63 230 255 147 104 194 92 100 47 159 27 127 239 243 223 152 127
    6 51 254 225 248 99 255 255 226 127 127 223 255 156 126 48 123 102
    255 254 62 29 127 255 255 255 127 16 94 119 3 95 0 56 40 123 162 1
    191 127 127 255 236 24 83 223 28 31 228 190 130 60 141 205 39 253
    227 5 194 109 158 115 120 188 0 39 254 193 248 58 64 0 120 241 254
    127 255 208 1 249 158 248 28 128 17 130 0 80 127 123 127 239 157 255
    190 127 255 239 227 38 7 1 255 255 224 61 191 151 255 255 206 6 109
    28 67 126 127 221 251 239 255 59 95 176 127 239 9 190 0 59 156 251
    203 1 200 127 240 61 240 6 0 95 248 255 66 46 99 0 0 179 255 26 31
    11 67 115 122 95 152 125 0 58 222 236 107 15 255 255 120 150 64 35
    254 231 255 15 11 248 255 255 127 73 157 255 208 5 128 242 117 160
    58 64 0 28 65 224 231 1 2 30 0 1 254 30 1 156 30 4 112 16 16 8 0 93
    64 1 143 123 127 244 189 225 103 159 255 172 16 227 252 0 0 15 112 0
    64 95 1 24 30 31 127 186 0 0 0 77 128 0 31 11 112 19 143 151 24 111
    255 230 190 224 185 224 0 8 128 0 0 7 2 31 62 96 127 255 226 126 32
    12 0 10 159 244 0 15 137 0 131 44 255 239 195 18 226 97 200 196 128
    0 0 17 224 28 113 192 63 252 34 225 194 0 0 3 155 54 0 11 137 16 130
    33 255 193 129 27 112 1 128 43 225 255 255 135 32 231 224 127 73 97
    210 1 192 63 255 253 159 127 127 146 116 255 137 159 7 56 28 51 6 1
    200 127 240 127 240 6 112 95 240 247 64 46 99 0 0 179 255 26 31 11
    71 115 123 31 152 127 2 58 94 232 105 1 255 255 224 127 240 0 64 124
    124 52 128 83 215 252 206 30 231 255 135 3 1 253 253 235 185 97 1 44
    33 104 216 97 200 196 128 0 0 1 224 28 113 192 63 254 34 225 194 0 0
    3 155 62 0 11 137 16 130 33 255 193 129 27 112 65 128 39 224 255 191
    135 0 231 224 246 77 65 211 7 240 61 255 253 159 127 127 144 116 255
    73 151 7 60 30 59 62 225 240 127 134 56 7 6 56 111 195 118 125 191
    235 223 253 191 254 254 94 228 128 12 114 224 97 144 255 250 209 152
    56 1 12 31 120 0 192 71 243 255 252 15 127 249 226 32 0 13 33 5 159
    11 240 243 179 216 188 127 14 61 255 225 248 14 7 207 192 0 6 7 192
    223 127 248 95 127 224 11 0 114 0 0 159 123 25 244 120 248 186 223
    255 241 6 235 255 1 159 63 123 159 248 119 225 184 254 7 162 121 18
    108 2 77 13 59 159 27 127 235 163 222 152 119 15 38 105 99 240 121
    12 0 128 0 0 7 250 31 56 96 127 254 34 33 64 12 0 3 57 58 0 11 137 0
    129 172 255 201 97 63 194 65 176 127 227 255 248 0 0 31 3 247 64 127
    226 31 248 189 255 253 207 27 75 221 226 237 129 39 1 170 30 58 190
    62 55 228 128 0 7 151 255 239 247 224 59 64 93 255 255 96 15 189 156
    250 31 16 124 121 89 30 255 248 17 237 240 6 23 62 56 0 192 119 247
    222 126 4 191 171 20 63 130 77 69 128 31 58 120 235 187 222 190 127
    12 39 217 227 254 126 7 208 128 0 2 7 224 29 255 224 127 191 195 120
    28 66 2 191 159 123 22 0 59 144 104 151 255 230 249 63 28 1 224 10
    28 3 31 199 255 231 192 6 104 111 235 128 255 159 234 79 94 250 127
    206 103 220 121 159 255 254 94 226 1 4 0 8 112 1 112 95 129 220 30
    11 255 128 16 0 0 64 0 0 15 27 116 3 159 159 152 127 255 238 191 224
    30 115 255 255 227 189 248 8 8 24 255 22 73 127 239 255 255 189 7
    235 99 19 65 223 200 234 129 161 1 212 30 249 216 30 254 35 117 199
    255 255 255 128 96 23 77 191 32 127 247 253 255 251 184 59 127 19
    131 7 105 158 8 7 156 129 169 1 224 62 120 133 254 7 123 31 192 7
    191 194 99 51 240 141 16 3 159 123 52 236 191 160 190 95 7 60 217
    226 138 0 0 24 0 0 0 70 0 19 231 8 255 252 44 0 48 1 224 3 144 128
    128 3 141 16 74 24 255 250 190 0 13 225 249 255 132 48 3 4 56 103
    192 116 121 191 235 159 255 190 252 254 94 198 130 20 115 225 123
    144 255 250 144 248 56 1 128 62 120 133 254 7 123 31 192 7 255 194
    35 3 240 13 16 3 159 123 49 236 189 160 190 95 7 60 217 98 10 65 255
    127 224 243 239 135 127 175 248 23 126 101 227 255 255 221 255 251
    254 51 31 48 112 255 124 159 0 56 28 153 192 62 3 0 4 0 0 32 128 67
    231 0 127 128 0 0 0 1 128 3 152 248 36 3 141 16 65 129 255 220 190 6
    5 6 7 255 248 5 248 7 204 98 127 134 31 188 125 251 0 121 255 254 95
    27 65 235 191 159 186 97 31 219 192 224 246 5 31 255 230 31 252 87
    241 156 255 158 64 218 0 11 0 114 148 1 159 11 227 77 159 132 129 63
    255 228 86 235 255 0 0 15 123 223 248 7 128 35 198 15 130 127 131 14
    176 13 255 239 159 27 125 251 226 222 158 117 2 34 21 96 248 0 128
    15 240 20 240 7 48 31 192 55 98 106 162 7 241 189 254 3 159 59 112
    115 191 218 152 127 7 52 92 224 111 28 0 0 20 0 128 255 155 31 8 134
    95 116 226 191 249 125 128 107 127 26 127 243 196 223 122 190 16 35
    30 228 231 30 63 129 224 240 254 7 255 255 255 250 71 255 255 248 15
    98 0 92 127 123 127 253 251 248 137 95 255 179 226 98 23 1 247 255
    240 48 248 7 243 31 227 254 65 232 34 103 247 251 223 3 191 59 113
    251 131 158 153 127 63 235 214 235 239 1 232 15 200 4 126 7 255 159
    192 6 2 254 239 192 255 132 10 252 127 251 124 77 255 216 150 95 127
    187 194 226 0 2 16 14 123 223 248 6 0 35 206 7 129 127 195 127 184
    29 255 255 223 25 125 251 226 222 157 117 0 34 29 67 240 7 255 255
    227 191 240 0 126 127 247 22 73 14 191 255 255 253 27 235 97 3 1 255
    254 234 129 160 0 20 28 249 199 62 51 230 128 0 7 135 255 207 231
    228 124 54 223 255 255 122 31 189 220 251 31 16 124 97 67 159 255
    250 17 111 114 1 224 12 2 0 124 71 255 159 192 0 126 254 99 192 255
    133 106 254 95 251 125 239 252 252 134 95 127 59 209 98 4 5 31 63
    225 252 120 123 200 16 126 5 139 199 63 252 14 93 239 251 199 31 111
    243 130 94 131 99 127 196 28 83 245 1 190 255 224 112 248 7 240 31
    249 254 3 200 34 127 226 123 208 10 159 59 115 251 131 238 136 127
    127 233 64 235 255 6 0 8 112 1 240 31 129 220 31 0 255 128 16 0 0 64
    0 0 15 27 116 3 159 159 152 127 191 238 169 224 62 1 128 127 244 2 0
    4 0 48 113 150 127 104 0 3 64 59 208 3 159 2 224 19 131 159 88 33
    255 194 62 224 239 6 102 12 120 135 231 7 252 111 242 1 254 254 235
    240 127 68 41 255 156 235 60 100 124 81 188 95 255 187 255 97 128 1
    128 63 255 15 232 23 118 29 192 7 126 208 108 3 192 29 144 2 159 3
    66 108 156 35 126 247 143 217 220 224 111 7 255 62 113 215 227 135
    254 239 124 7 206 15 111 255 255 221 255 227 254 9 31 176 114 239 42
    220 0 63 28 65 164 6 23 63 249 157 240 40 128 48 30 7 131 240 28 255
    8 77 23 251 207 27 121 243 129 223 153 103 15 202 17 96 250 97 243
    255 16 177 227 215 37 248 119 7 123 15 220 255 252 61 255 253 152 51
    19 16 247 227 88 106 191 228 28 213 191 30 31 246 0 0 7 247 255 223
