<?xml version="1.0"?>
<opencv_storage>
<desc type_id="opencv-matrix">
  <rows>150</rows>
  <cols>32</cols>
  <dt>u</dt>
  <data>
    14 7 206 14 1 231 7 255 159 255 132 97 2 235 224 14 66 26 62 159 58
    63 48 124 39 101 159 0 61 16 224 15 22 121 160 48 0 98 7 255 159 199
    132 104 2 235 31 241 140 0 4 95 59 6 18 63 23 8 127 0 60 26 225 250
    6 31 142 192 0 0 135 192 39 127 132 64 69 160 127 0 98 0 115 131 11
    67 147 4 7 9 160 191 240 16 224 159 255 255 176 31 239 255 250 255
    161 248 63 48 1 216 125 255 221 255 165 164 249 127 4 35 151 68 30 0
    46 197 157 136 7 127 28 130 5 56 100 64 1 252 8 79 224 2 60 224 4 45
    12 143 27 111 155 128 94 129 163 127 227 34 227 240 30 22 32 16 0 7
    183 255 207 240 104 39 190 255 239 247 76 63 0 88 234 12 16 126 1
    120 94 254 23 161 237 248 1 255 255 176 0 32 7 254 7 252 6 110 192
    235 255 255 221 255 175 155 27 64 35 143 30 136 120 0 60 88 225 247
    6 23 56 15 128 28 199 192 231 158 6 69 239 194 127 8 93 17 253 158
    252 0 239 222 248 135 152 255 119 208 18 190 62 124 226 62 3 255 254
    189 240 225 215 96 127 223 255 255 187 255 253 204 250 125 253 251
    249 248 223 0 55 97 236 35 1 253 59 240 253 240 7 127 223 224 59 155
    139 235 252 255 157 127 142 255 59 0 107 63 23 154 126 0 60 231 57
    224 28 22 32 48 0 7 215 255 223 206 40 160 254 0 31 163 76 28 0 188
    251 60 32 127 144 121 223 255 247 97 101 250 225 248 123 199 254 0 0
    32 1 224 55 128 64 227 101 246 157 224 37 128 132 128 14 4 16 135 32
    247 196 85 29 140 193 255 255 240 63 255 248 127 224 9 215 111 0 63
    255 255 190 52 0 103 7 255 178 124 127 9 127 0 61 42 255 122 255 255
    187 248 114 199 248 127 255 112 127 120 12 29 255 255 189 127 161
    224 199 153 244 250 233 126 222 0 50 169 189 224 1 255 255 176 0 0 7
    248 3 252 6 66 200 235 255 255 93 255 175 155 27 64 35 135 22 152
    112 0 24 88 225 254 62 63 0 15 192 189 199 193 226 60 0 132 255 228
    252 140 69 125 28 239 248 127 235 14 12 135 188 127 119 193 19 248 6
    31 142 192 0 32 2 192 7 127 132 65 65 96 127 0 98 0 179 131 11 3 178
    64 7 9 160 159 253 16 225 190 30 6 0 1 192 118 7 193 28 124 33 155
    255 231 252 200 77 125 255 143 249 30 0 98 20 135 71 255 230 209 6
    248 193 255 255 225 255 255 230 126 231 192 9 136 0 107 0 7 137 0 14
    62 199 255 235 37 7 138 92 0 62 233 126 86 14 6 132 0 0 7 23 255 223
    241 200 95 18 27 0 7 66 2 227 28 234 190 20 253 225 90 31 255 183 34
    227 2 255 255 255 184 56 192 216 127 220 120 23 135 252 127 255 255
    253 0 47 224 196 152 251 248 232 187 94 0 57 96 216 31 6 126 142 255
    159 232 24 0 8 49 133 242 0 47 253 255 101 224 3 99 3 70 34 70 23
    126 97 191 207 222 80 24 34 0 0 31 207 63 231 129 225 198 7 160 1 27
    180 56 55 255 225 92 252 62 12 51 151 128 24 255 118 249 19 193 31
    127 254 109 151 207 248 239 128 63 7 240 0 132 255 255 221 193 229
    164 197 254 4 7 23 126 15 0 38 221 99 156 129 255 255 240 63 243 248
    127 143 1 201 137 2 96 5 135 128 7 129 35 7 231 51 12 7 27 127 0 12
    163 233 208 254 255 137 193 248 0 56 18 30 2 123 14 128 32 20 247
    135 255 227 97 4 128 11 135 16 130 33 255 207 215 25 133 6 0 134 0 0
    30 7 255 159 7 196 108 158 98 0 16 34 216 75 30 251 48 76 191 224
    225 159 63 60 210 226 79 225 255 255 188 58 71 248 127 255 128 23
    123 0 63 255 255 190 64 0 96 196 255 179 252 254 121 94 0 26 42 255
    124 225 248 59 193 248 24 0 0 23 8 54 6 136 98 125 252 190 112 11
    231 21 192 111 143 0 246 161 255 237 192 26 44 28 22 48 48 0 6 95
    243 223 142 8 135 254 0 15 131 204 16 0 188 235 60 49 251 248 121 95
    255 227 97 100 250 201 255 123 225 255 226 8 64 108 120 55 28 1 159
    255 255 125 255 161 165 7 158 48 118 243 126 193 0 132 213 45 208 1
    255 255 240 63 243 156 127 158 15 201 137 2 32 0 7 128 39 131 175 3
    231 50 28 7 27 127 0 36 131 105 208 65 192 0 64 224 124 7 49 159 224
    249 138 242 34 33 226 103 249 3 159 123 120 207 157 248 138 95 127
    166 220 7 233 127 255 255 63 47 255 248 255 152 0 23 111 0 127 255
    255 190 240 0 123 59 127 147 140 15 25 127 0 28 62 239 108 62 44 1
    64 240 60 6 197 159 24 122 65 138 108 240 77 87 232 28 111 251 96
    207 159 136 129 63 127 189 230 38 229 255 254 131 128 120 0 56 30 30
    0 248 58 0 36 21 255 247 251 250 225 6 0 3 15 18 158 108 255 206 65
    28 77 30 7 196 62 7 255 123 254 247 7 132 251 255 223 243 63 99 255
    255 231 59 123 236 243 249 253 127 8 22 92 97 15 1 255 255 239 63
    255 128 112 99 248 4 112 0 171 123 223 141 0 123 143 3 255 0 68 7
    102 181 0 53 88 104 15 193 240 115 255 255 254 6 48 231 192 247 109
    240 27 7 240 190 116 0 158 228 157 206 113 248 249 157 2 57 107 157
    120 229 255 255 225 255 62 24 97 156 124 7 223 183 199 255 255 221
    255 173 167 101 141 204 120 120 131 15 0 43 152 91 239 62 44 1 64
    240 60 7 197 159 24 122 65 200 108 240 79 71 232 28 111 251 64 15
    159 144 129 63 127 189 230 38 228 6 0 134 0 1 31 7 255 159 135 196
    104 158 98 0 16 34 216 75 30 251 48 76 191 224 225 159 63 60 210 226
    79 0 0 13 252 18 79 199 199 247 60 27 235 255 196 0 0 7 252 245 30
    254 255 157 187 232 89 94 14 54 31 227 184 6 3 143 192 0 0 7 192 33
    255 132 64 39 216 112 0 66 0 188 159 27 72 19 68 94 136 97 63 202 22
    227 135 201 255 255 239 255 255 251 127 167 56 36 248 1 224 127 255
    221 255 165 163 223 255 112 103 215 118 254 0 52 217 111 248 6 115
    143 224 0 96 56 178 31 135 192 88 33 34 7 35 163 209 10 63 11 112
    147 131 222 154 103 31 194 22 224 255 1 255 255 176 0 0 7 120 33 252
    6 107 47 123 255 254 93 255 239 159 27 100 147 131 30 24 113 0 42
    152 225 204 0 192 127 240 56 120 24 16 28 131 215 106 136 83 71 189
    186 30 13 207 63 96 77 159 144 152 103 0 142 255 250 59 127 44 0 65
    240 126 7 241 159 248 33 130 158 98 120 230 87 240 3 159 123 35 108
    159 32 158 95 127 189 209 19 233 2 0 15 192 4 32 6 26 31 1 192 104
    190 226 128 1 130 0 74 111 11 128 13 159 16 128 127 255 254 194 224
    46 237 22 239 183 31 63 255 255 192 29 215 128 0 60 191 193 124 31
    241 112 228 174 12 12 17 72 26 255 118 40 153 155 1 255 126 24 0 192
    6 96 1 252 6 127 253 67 255 254 29 255 239 159 19 100 243 0 30 57
    241 0 43 216 209 224 1 255 255 184 0 64 7 248 33 252 6 64 45 235 255
    255 93 255 191 155 27 64 51 131 30 153 112 0 26 152 225 220 1 255
    255 184 0 192 7 248 33 252 6 127 253 107 255 254 93 255 239 155 3 64
    243 66 31 57 112 0 59 216 225 196 2 1 140 104 7 224 6 128 31 207 132
    127 208 194 0 24 0 2 141 159 11 1 244 189 225 54 245 159 237 131 225
    22 14 55 220 240 176 126 7 241 159 255 137 187 130 227 124 162 68 47
    163 159 123 115 253 159 228 136 127 127 188 225 107 240 254 127 34
    19 200 16 8 0 30 28 55 130 190 236 255 237 189 131 254 103 124 128
    12 156 0 128 103 255 254 213 19 149 225 145 255 199 255 63 8 0 95
    135 249 192 2 192 31 189 185 255 132 102 245 2 12 159 1 129 16 255
    244 40 31 86 6 0 142 56 0 67 7 191 159 135 132 127 158 98 6 48 34
    164 10 94 235 0 52 63 161 120 94 31 56 209 224 121 225 255 59 225
    252 23 128 126 47 224 63 234 1 235 253 255 157 240 14 236 229 158 2
    115 22 8 31 0 30 191 30 168 12 192 0 240 65 238 7 232 17 240 232 172
    29 123 192 22 66 58 47 159 59 127 245 131 163 120 147 191 234 163
    109 1 217 252 242 254 127 103 192 0 224 248 240 160 0 31 255 254 189
    243 173 132 198 180 15 31 19 196 0 128 52 217 109 140 126 125 32 15
    0 128 0 192 47 248 4 127 63 195 255 254 29 224 127 131 56 1 244 118
    104 118 224 255 203 188 6 156 255 63 252 60 2 143 251 239 252 63 7
    156 3 60 255 254 77 255 225 224 232 189 252 242 232 122 142 0 23 145
    199 212 255 252 32 1 192 17 255 255 255 0 247 127 176 29 255 255 253
    252 1 240 252 125 243 185 236 166 222 32 22 157 23 100 253 15 24 19
    248 16 57 95 28 14 55 128 0 102 152 13 222 127 5 97 244 128 15 157
    16 128 103 240 204 251 22 120 54 35 8 0 193 254 6 9 223 14 40 154 60
    35 240 124 130 128 10 239 123 127 180 249 229 154 127 127 186 22 2
