<?xml version="1.0"?>
<opencv_storage>
<desc type_id="opencv-matrix">
  <rows>138</rows>
  <cols>32</cols>
  <dt>u</dt>
  <data>
    30 0 0 8 0 252 7 255 223 193 132 255 254 227 1 1 193 128 13 31 251
    81 239 189 232 181 127 127 188 217 70 31 26 251 255 192 0 16 6 25
    255 199 222 72 42 123 207 63 187 214 126 207 251 16 11 191 152 136
    95 255 254 214 238 31 6 0 15 240 1 254 15 129 156 39 248 104 127 0 0
    0 98 128 1 15 123 123 253 187 232 184 95 255 166 111 234 63 30 0 129
    240 0 216 15 129 156 7 250 110 255 16 2 0 98 128 2 15 123 113 237
    187 232 184 111 255 228 111 234 63 2 193 223 240 0 80 6 4 95 3 232
    111 254 108 6 23 162 0 90 111 59 91 147 253 254 25 127 63 184 34 234
    29 18 123 255 128 0 16 87 255 159 199 246 110 250 235 143 61 187 214
    254 95 59 112 75 159 152 136 127 255 254 94 234 63 1 131 255 248 31
    248 25 100 28 247 159 96 194 236 0 2 114 0 0 31 11 67 107 157 7 153
    103 31 196 234 225 223 2 224 12 16 0 0 7 240 31 192 6 111 255 227 0
    127 128 0 127 159 59 125 179 227 223 41 183 63 172 62 224 1 30 255
    220 192 0 62 7 255 159 247 224 2 136 235 224 31 192 0 10 159 251 127
    79 63 28 130 95 127 188 193 110 38 30 0 128 128 0 30 87 255 158 39
    248 110 139 0 0 0 98 128 0 31 251 127 75 155 132 136 31 127 164 238
    238 63 6 127 10 2 0 23 135 252 231 254 4 0 47 235 120 98 63 249 141
    158 250 12 12 126 16 128 28 255 123 16 227 197 31 63 254 240 5 254
    95 255 156 63 132 64 24 44 255 130 77 127 250 127 123 127 205 157
    237 152 95 63 186 30 238 250 31 63 255 120 1 254 95 255 220 63 134
    64 56 61 255 130 124 23 250 127 123 127 205 157 237 152 95 127 186
    86 238 250 6 230 15 224 1 248 7 251 31 3 158 106 10 98 18 127 242 24
    218 111 59 99 141 159 231 200 63 63 174 30 226 6 1 196 127 240 7 32
    71 251 159 0 150 127 255 99 128 223 246 0 75 127 11 125 155 251 254
    137 63 14 60 42 224 5 30 6 193 128 0 31 7 255 255 207 248 96 138 0 0
    3 98 128 0 62 251 56 204 251 248 129 31 255 52 198 238 63 3 253 254
    192 0 48 7 251 31 32 32 64 58 34 64 31 128 2 35 191 123 114 3 159
    220 128 63 63 174 16 107 7 26 0 0 112 1 254 6 7 223 3 248 127 207
    236 0 25 130 0 4 111 59 127 240 127 239 58 127 63 180 163 236 7 6 23
    223 240 0 16 7 239 31 127 134 74 162 237 252 0 115 229 252 95 59 64
    75 159 152 136 127 255 254 208 226 189 13 134 15 240 0 128 247 255
    243 240 0 127 255 251 224 127 68 0 126 159 59 127 179 177 255 105
    190 12 62 35 224 0 1 131 127 240 63 254 7 3 223 30 30 127 251 224 0
    0 62 0 1 31 255 191 236 255 224 152 95 7 52 235 250 151 1 131 255
    240 31 248 127 1 208 223 158 96 194 24 0 0 66 0 0 15 27 103 235 143
    7 137 127 31 228 234 235 135 0 192 0 112 1 192 6 7 159 0 8 111 208
    108 128 17 128 0 82 111 59 103 179 157 7 121 255 63 248 33 224 0 6
    31 223 240 0 0 7 239 30 127 134 66 32 109 188 0 99 133 252 95 10 128
    11 159 152 136 127 255 254 212 226 177 14 31 222 96 0 220 71 255 255
    255 132 95 255 239 250 7 66 4 254 95 251 125 239 255 220 190 95 127
    61 208 226 191 1 224 126 194 125 124 7 104 115 240 224 0 232 43 224
    120 50 127 227 159 123 112 79 139 220 129 119 127 244 65 110 0 2 0
    14 62 1 255 71 255 223 207 135 111 254 233 0 0 0 0 4 31 251 127 252
    253 237 185 255 127 180 254 195 95 15 63 159 224 0 0 231 252 227 252
    6 105 127 219 248 206 70 35 255 159 11 127 147 123 223 105 189 12 60
    24 224 128 1 236 15 240 0 80 7 250 31 192 22 127 232 227 0 247 247
    168 11 95 59 112 107 143 222 152 127 63 248 254 226 1 1 140 127 240
    4 112 7 127 159 28 6 111 248 44 0 1 242 246 195 127 27 249 255 189
    248 153 127 31 181 154 226 57 1 238 31 112 0 80 7 248 31 192 22 111
    232 99 0 247 223 168 43 159 59 112 107 143 158 152 127 63 248 254
    226 1 6 39 31 240 156 48 7 248 31 198 15 32 2 227 54 55 205 120 63
    159 251 128 3 31 16 136 127 8 62 215 227 226 65 224 244 194 44 60 7
    248 119 241 224 41 168 43 241 248 0 63 235 159 123 112 207 139 220
    129 55 255 254 161 111 0 14 63 142 4 1 128 135 232 47 126 6 69 111
    227 252 238 77 35 255 159 10 29 147 98 223 97 191 8 39 20 225 193 1
    255 254 130 0 120 7 248 223 255 132 114 126 235 126 2 65 5 30 159
    123 80 77 191 240 134 127 127 190 88 227 254 81 224 244 0 0 56 7 250
    31 241 128 110 0 99 112 254 0 11 255 159 123 113 155 163 156 136 191
    127 238 187 70 0 6 95 12 192 112 28 71 255 223 240 96 128 255 251
    237 135 76 116 13 30 251 0 79 159 144 128 94 127 62 193 58 252 1 188
    58 64 208 0 7 96 223 248 36 106 40 41 124 192 29 255 179 159 123 112
    11 191 152 136 63 0 62 28 19 248 6 127 8 112 0 112 7 241 159 252 4
    107 138 226 60 195 77 96 35 143 59 64 15 191 144 136 127 63 246 216
    226 252 6 127 8 112 0 112 7 225 159 252 4 107 138 226 60 130 13 96
    35 159 59 64 15 159 144 136 127 63 246 216 226 252 5 134 47 240 7
    112 119 255 159 248 126 96 40 99 241 223 127 200 255 255 11 240 11
    191 147 136 95 4 62 254 232 5 15 255 255 224 0 124 7 255 31 252 0 72
    10 99 248 255 204 42 235 127 123 115 77 155 160 136 127 63 188 232
    234 0 5 254 62 0 128 1 231 254 227 248 6 122 1 251 252 199 93 229 15
    152 187 80 3 167 151 4 120 255 254 156 65 244 6 7 159 48 0 0 199 255
    223 255 6 66 160 224 56 0 83 197 28 158 186 96 3 159 16 136 126 255
    254 208 225 245 13 142 11 120 7 110 127 255 159 248 62 96 0 35 240
    223 95 235 235 191 11 118 15 191 151 88 127 12 62 222 224 1 30 123
    255 192 0 16 71 253 223 199 246 104 42 123 207 31 187 214 254 95 59
    112 75 191 152 136 126 255 254 222 234 63 1 249 255 248 23 254 6 18
    31 3 246 96 3 226 7 61 187 214 239 111 11 255 4 126 255 88 95 255
    238 24 233 31 2 241 255 248 7 254 6 16 31 131 214 96 3 226 71 125
    187 210 47 143 11 255 4 118 223 120 127 31 174 84 233 15 6 19 60 0 0
    60 7 240 247 223 4 98 128 226 14 128 77 246 3 159 123 64 15 191 144
    128 61 127 252 220 99 60 6 19 60 0 0 48 7 129 223 143 4 106 10 226
    15 24 13 215 5 159 251 96 15 159 144 128 63 63 54 222 195 127 6 23
    255 190 14 0 7 254 31 31 134 112 0 103 207 15 123 210 250 127 6 128
    12 31 0 116 31 223 254 222 224 31 6 6 143 224 5 252 7 255 223 199
    250 64 255 0 3 7 114 128 1 191 123 112 239 187 232 136 127 63 190
    230 234 63 1 255 255 224 1 240 7 255 31 221 132 0 15 226 77 143 196
    100 3 191 59 0 50 78 23 136 127 191 250 193 233 60 5 63 255 224 7
    255 135 255 223 255 128 64 54 235 124 238 69 239 141 158 251 159 76
    124 224 129 95 14 54 84 235 245 1 225 255 248 21 248 6 49 63 195 135
    127 255 227 7 112 178 144 12 159 27 127 251 224 255 186 127 63 251
    144 233 79 31 63 136 0 0 0 7 254 239 252 14 65 107 251 248 95 68 8
    254 156 250 28 146 115 248 105 157 126 63 0 226 0 5 255 60 4 3 7 7
    251 31 240 4 101 0 99 239 134 77 3 191 158 74 160 20 140 33 105 159
    159 45 184 225 210 7 63 62 4 3 128 7 224 62 124 6 65 103 167 248 6
    77 239 171 159 10 217 147 226 255 97 175 12 55 28 225 212 6 6 143
    248 1 255 247 255 223 207 134 123 254 16 2 7 114 128 0 62 251 112
    109 155 160 154 94 12 52 254 226 255 14 127 172 4 3 135 11 254 223
    252 4 64 208 59 127 231 77 97 171 164 234 128 108 125 225 101 159
    255 217 208 97 236 5 134 127 248 0 71 247 255 223 255 134 126 218 29
    226 7 114 128 0 28 251 112 109 155 128 250 94 12 52 222 226 255 13
    206 0 16 0 19 199 255 255 192 128 73 127 235 128 223 196 0 124 94
    251 124 147 187 220 137 31 127 62 0 198 0 16 192 34 6 1 136 7 242 31
    224 4 0 136 34 3 0 60 80 43 159 26 98 33 139 151 99 191 0 15 208 230
    62 1 156 127 56 0 92 7 255 223 140 6 127 254 226 13 129 190 128 202
    63 123 112 111 191 144 184 95 63 180 249 227 181 1 192 0 64 128 0 71
    255 255 192 0 111 112 237 128 93 128 0 92 95 251 127 179 189 220 8
    127 127 62 33 98 0 14 22 239 48 0 120 7 223 223 31 134 126 250 125
    159 141 114 148 244 127 59 112 111 191 216 152 127 63 190 214 226
    191 26 241 247 224 49 248 7 255 223 195 250 79 255 239 199 63 178
    146 202 95 59 120 239 191 220 136 127 63 190 226 238 15 1 233 127
    240 0 240 6 51 31 2 6 127 252 34 0 23 157 2 3 191 27 125 251 153 254
