<?xml version="1.0"?>
<opencv_storage>
<desc type_id="opencv-matrix">
  <rows>150</rows>
  <cols>32</cols>
  <dt>u</dt>
  <data>
    5 191 127 255 15 255 255 255 184 124 23 130 225 253 255 254 93 255
    187 184 11 127 107 117 223 126 126 0 55 212 225 224 4 23 60 48 0 248
    7 252 223 254 6 111 254 111 254 128 77 125 122 31 59 123 251 187 254
    152 127 63 250 156 226 248 1 255 255 248 62 224 8 122 103 206 23 65
    103 226 63 255 189 31 5 163 3 193 179 78 95 153 96 0 86 28 233 254
    225 253 254 15 252 0 0 0 31 220 7 240 0 227 127 237 189 239 255 207
    228 128 13 191 144 132 1 0 54 92 23 208 1 255 255 224 191 225 128
    114 239 222 6 94 0 130 63 231 157 127 165 162 3 3 50 125 23 106 188
    0 37 20 233 240 6 31 254 224 0 240 7 248 95 255 4 123 255 227 254 0
    72 117 254 31 59 96 235 159 220 152 127 63 254 88 98 254 1 191 255
    124 3 192 4 76 99 124 7 127 160 253 255 224 63 255 252 91 2 195 51
    140 31 120 225 223 219 222 225 193 1 192 30 127 159 255 135 251 159
    224 5 144 18 35 64 252 141 122 131 159 228 191 220 92 101 119 159 2
    53 21 99 8 76 4 0 75 255 127 199 255 247 240 121 128 120 255 240 126
    94 11 255 158 249 59 204 181 224 148 94 255 124 65 19 129 30 31 254
    0 0 6 119 255 159 255 132 31 192 34 127 2 123 213 3 158 250 116 77
    141 160 130 95 255 237 209 99 255 0 16 47 224 0 0 7 0 48 124 54 127
    233 95 239 136 125 63 255 95 11 224 179 131 222 121 225 159 232 62
    224 114 193 255 255 187 24 16 7 125 223 252 7 127 250 221 248 79 221
    0 188 159 244 224 75 157 0 154 127 0 62 220 211 5 30 31 254 128 0 6
    247 255 159 255 132 31 192 34 127 2 123 213 3 156 250 252 79 159 128
    130 31 255 237 208 235 255 1 6 31 251 222 48 3 64 0 252 31 67 160
    211 248 128 76 39 253 144 4 128 3 132 18 129 96 255 198 174 241 152
    25 232 247 16 0 0 119 255 217 193 198 111 62 27 211 255 179 218 227
    91 58 64 147 155 232 136 50 255 210 30 238 7 1 2 58 24 0 0 24 1 28
    62 6 105 120 4 255 128 93 255 242 175 28 121 251 161 248 185 103 255
    200 28 147 254 1 236 8 132 3 31 231 249 227 240 32 96 201 211 240
    255 68 107 239 158 250 255 205 163 236 225 158 255 253 224 226 0 0
    128 12 58 4 118 7 240 215 192 4 155 255 195 0 0 0 124 5 159 123 0
    108 155 160 159 93 14 50 81 227 232 4 3 28 96 5 32 7 225 31 254 4
    109 2 34 0 0 72 0 11 159 11 100 11 155 7 137 191 191 236 57 97 254 5
    238 31 246 6 0 7 224 33 240 4 67 97 195 96 126 77 11 173 159 6 132 3
    4 26 137 1 255 227 30 225 0 5 31 255 240 20 112 87 255 223 207 7 107
    250 255 158 31 205 4 203 95 59 114 1 191 144 152 127 255 254 28 226
    57 225 192 255 128 176 1 6 36 103 227 196 121 207 237 131 112 163
    255 126 28 165 0 16 118 16 121 16 255 252 62 88 71 24 160 96 112 229
    254 6 8 31 129 233 131 157 227 255 252 5 126 43 207 123 127 204 97
    229 136 127 63 185 193 111 40 129 189 127 152 0 0 121 64 16 252 6
    101 224 31 255 232 29 255 237 147 4 225 251 132 222 185 227 255 201
    28 209 240 1 248 127 255 31 252 4 66 31 24 7 122 216 96 31 192 157
    192 2 31 6 194 109 157 163 246 127 207 248 220 224 255 4 2 8 7 128
    31 199 249 227 254 4 1 117 235 0 0 64 0 126 28 252 191 20 96 117 69
    152 255 57 0 66 232 1 204 62 192 0 254 7 255 159 136 4 178 126 227
    128 95 156 2 254 127 251 125 239 252 252 148 95 127 186 81 98 6 1
    252 40 240 71 253 199 253 231 248 33 131 255 235 241 198 93 96 47
    158 187 127 239 118 239 153 124 30 61 193 97 204 126 48 0 1 192 55
    199 251 167 194 40 95 255 227 220 253 133 254 239 220 249 28 108 96
    96 135 156 255 121 222 18 48 15 63 255 240 1 248 23 237 220 127 22
    96 255 223 255 254 93 255 254 155 27 67 239 125 239 121 224 191 214
    92 225 144 129 0 62 20 0 0 30 3 156 62 6 110 254 20 47 0 29 255 208
    47 4 240 11 185 144 88 47 255 226 92 195 255 1 223 126 72 1 124 55
    255 29 192 4 0 194 235 131 7 205 62 94 91 187 64 207 157 128 151 126
    255 212 209 98 123 175 63 63 132 0 7 251 239 224 126 22 127 255 221
    254 142 94 37 252 144 252 156 14 115 216 64 0 255 211 2 146 248 110
    0 0 0 192 183 199 255 167 192 104 127 255 99 144 253 71 255 235 88
    251 4 108 96 32 135 156 255 121 215 18 97 1 23 255 240 0 64 7 224 19
    255 134 74 33 226 63 0 120 21 58 159 11 96 3 131 158 152 103 31 238
    64 224 251 12 246 39 128 0 7 135 254 239 241 246 105 231 239 247 255
    125 255 239 92 251 28 204 126 248 105 157 255 58 212 234 6 127 252
    32 20 0 7 255 255 220 112 53 237 0 28 37 194 125 245 16 60 232 62 16
    124 23 121 158 16 61 28 133 253 14 2 0 240 5 248 7 253 223 243 233
    186 255 251 224 54 65 66 255 159 59 123 245 189 255 152 127 8 62 111
    226 4 13 255 28 96 0 26 123 255 25 240 4 233 0 255 244 247 76 40 15
    153 123 115 21 133 224 9 55 255 220 57 99 160 1 130 62 63 7 223 135
    250 39 254 7 126 55 227 98 28 92 15 171 158 248 159 178 96 127 116
    92 14 58 30 195 67 126 23 128 0 0 17 231 237 224 127 96 15 255 253
    255 0 77 21 254 94 251 125 155 240 252 129 122 48 63 1 14 250 1 159
    127 240 0 112 7 96 30 124 23 111 46 237 255 142 125 212 245 159 27
    72 147 222 94 152 111 6 58 156 226 62 30 23 230 192 1 250 199 255
    255 255 228 127 255 251 15 0 115 208 5 159 59 127 243 251 255 185
    255 255 243 209 235 255 1 200 127 240 5 112 7 97 31 240 240 127 250
    226 1 192 50 200 3 159 11 96 15 157 218 152 127 31 254 226 237 228 1
    236 63 242 28 126 71 127 159 248 22 127 254 227 49 194 191 255 133
    158 251 120 205 191 248 136 95 6 62 193 227 228 1 225 31 240 0 64 4
    0 31 194 23 107 202 98 0 115 158 0 10 143 27 96 3 143 158 153 119 31
    172 254 224 199 6 2 12 68 3 175 135 224 111 255 0 127 255 195 96 0
    64 15 173 159 123 63 244 116 111 99 159 14 37 146 225 194 30 7 231
    224 0 248 7 252 255 255 254 111 255 235 15 2 115 208 13 159 59 127
    243 255 254 137 127 127 243 129 239 255 1 159 127 240 21 124 199 254
    231 220 7 106 11 235 252 143 77 5 254 95 59 119 139 191 142 136 127
    255 254 28 226 177 31 223 186 16 0 0 25 254 31 120 7 111 255 227 192
    31 219 128 79 97 8 128 3 140 0 24 124 255 220 158 196 31 2 0 239 224
    0 240 94 3 28 15 250 108 248 32 3 0 51 212 65 111 59 116 99 143 158
    137 255 63 174 220 232 63 1 159 255 192 56 48 7 96 19 255 132 31 202
    34 127 128 123 213 3 159 31 64 107 143 132 130 97 255 237 208 251
    255 1 128 47 224 243 128 119 44 0 96 246 127 164 253 255 248 125 253
    18 153 7 226 51 140 23 122 160 207 219 212 121 254 4 7 28 4 1 31 71
    253 223 254 4 58 62 155 108 0 76 35 227 158 251 127 12 191 224 200
    31 255 54 225 99 152 255 255 255 135 60 20 120 255 152 115 214 120
    232 29 247 127 242 139 1 224 244 160 13 159 144 132 2 96 12 90 159
    67 30 63 254 192 0 224 7 249 29 255 100 64 58 35 127 174 125 143 171
    159 27 64 99 139 31 150 122 191 238 214 233 211 30 2 132 128 1 192 6
    146 31 15 192 126 136 34 30 57 193 223 129 111 59 113 251 183 239
    126 255 63 249 252 97 70 30 39 192 0 0 13 7 249 253 255 224 95 255
    155 124 102 66 1 47 159 251 91 252 243 236 127 184 28 53 64 239 192
    1 130 62 63 7 223 135 250 39 254 7 126 55 227 98 28 92 15 171 158
    248 159 178 96 127 116 92 14 58 30 195 67 1 224 127 176 0 64 135 252
    233 240 254 111 163 219 117 254 63 202 255 155 27 71 179 124 31 120
    112 63 222 150 234 5 1 236 63 242 12 124 71 127 159 248 22 111 255
    226 48 192 31 255 141 159 251 120 205 191 248 136 95 6 62 193 227
    228 1 140 28 112 0 0 87 255 159 248 14 111 26 98 0 195 76 32 3 191
    59 64 3 155 6 104 190 255 252 62 227 248 30 7 192 0 0 65 199 251 255
    255 132 31 255 227 115 31 64 3 43 158 251 24 241 243 248 127 92 28
    59 193 231 70 225 255 255 190 0 0 40 120 33 192 23 127 127 235 127
    255 191 252 12 129 4 192 19 134 26 122 96 0 66 28 217 107 1 253 127
    244 27 190 120 35 24 48 22 127 221 64 127 226 61 255 245 175 59 127
    179 128 111 105 175 1 137 28 251 240 5 6 31 240 0 192 7 249 255 252
    15 104 255 227 64 15 66 0 111 159 11 112 251 191 222 249 127 12 52
    127 224 49 7 127 255 224 4 34 7 224 51 255 134 71 1 195 255 174 69
