<?xml version="1.0"?>
<opencv_storage>
<desc type_id="opencv-matrix">
  <rows>30</rows>
  <cols>32</cols>
  <dt>u</dt>
  <data>
    7 95 24 7 128 31 199 255 255 254 9 129 94 251 64 2 13 96 30 158 248
    191 204 125 224 231 158 255 125 21 3 28 30 2 0 112 0 120 7 128 95
    127 6 111 171 227 238 0 83 128 254 143 59 115 139 187 158 152 127 63
    254 158 230 187 2 225 207 240 1 224 8 0 29 131 250 127 30 43 0 61
    163 128 3 227 11 67 51 155 7 120 97 191 198 135 232 47 224 0 0 7 192
    0 5 16 7 128 100 124 0 0 7 192 61 255 227 27 212 128 2 10 20 66 160
    255 196 156 23 255 30 2 0 112 0 248 7 128 223 255 30 111 203 235 238
    0 83 244 126 15 59 113 251 187 158 152 127 63 253 220 230 191 129
    240 59 63 143 222 4 16 31 194 23 127 215 195 15 253 189 244 15 223 4
    195 220 92 101 121 181 0 36 28 131 60 254 51 247 255 255 255 120 15
    220 15 255 130 184 28 191 233 189 255 245 100 231 240 77 159 160 148
    79 0 3 213 188 210 0 240 0 23 195 0 4 24 31 192 127 127 245 35 133
    240 189 240 3 95 0 0 12 64 33 64 189 255 224 156 129 108 14 127 142
    6 0 7 199 255 143 255 134 96 4 107 240 63 195 194 3 248 232 140 2
    126 18 65 156 255 250 158 193 15 129 249 63 63 223 158 4 24 127 128
    23 125 251 131 15 249 189 244 10 79 68 131 252 253 224 125 189 0 52
    220 147 57 193 176 255 225 255 252 6 0 255 199 240 218 224 255 255
    248 61 127 255 223 59 91 205 253 255 130 39 0 62 92 127 250 123 255
    255 225 255 252 0 8 255 255 7 94 226 255 255 254 157 127 255 207 59
    91 204 253 253 134 33 0 62 92 127 248 4 0 3 115 223 255 255 255 158
    12 119 143 228 111 255 252 125 255 251 255 203 255 207 222 95 138
    127 12 56 28 99 108 1 182 127 190 30 0 123 97 16 126 7 127 128 2 124
    224 93 127 47 147 4 192 3 141 7 104 160 255 200 216 241 224 137 255
    255 232 190 224 8 124 119 252 4 192 255 255 255 239 221 127 191 161
    7 128 251 189 138 180 97 0 159 216 109 252 62 126 0 28 0 223 230 251
    227 224 63 246 1 3 127 255 221 255 171 175 248 127 50 35 135 126 127
    0 61 28 135 224 129 255 255 232 62 224 49 126 111 252 4 112 254 251
    255 239 253 127 239 176 7 128 115 61 144 188 112 0 95 216 233 254
    249 255 251 31 128 0 127 127 223 240 23 94 248 107 255 255 189 255
    191 184 244 144 237 189 248 254 94 0 62 220 151 254 251 255 48 27
    224 6 124 127 223 240 23 126 240 107 255 255 189 255 171 174 252 124
    255 189 248 154 95 32 62 220 151 254 251 255 48 1 192 6 4 123 63 240
    7 254 1 227 127 255 157 127 171 191 248 61 243 114 252 190 223 0 61
    28 23 224 224 240 35 31 64 0 0 2 31 1 247 127 254 32 31 253 189 255
    3 111 4 128 252 152 96 120 111 255 248 221 151 224 129 255 255 188
    24 0 23 255 31 248 7 79 255 99 127 255 221 255 171 176 132 128 48
    114 248 121 88 0 31 220 209 224 249 255 255 225 253 126 252 127 223
    252 7 95 240 235 255 255 157 253 251 175 123 127 143 157 255 134 127
    0 61 156 127 252 65 255 255 227 191 248 59 127 255 252 5 198 224 251
    255 239 205 245 255 177 3 16 239 253 248 132 126 0 31 92 121 253 1
    255 255 254 63 255 230 123 231 240 22 22 57 163 127 255 157 255 171
    159 27 127 3 39 23 22 127 0 51 80 251 196 1 255 63 240 1 248 71 255
    223 248 6 107 146 235 253 255 221 127 255 223 59 67 239 157 134 152
    126 255 252 212 227 192 1 255 255 225 191 254 127 127 159 252 6 127
    242 235 255 143 157 245 171 191 59 127 155 157 159 134 127 0 61 156
    123 252 1 240 127 252 7 192 103 120 3 224 6 127 224 227 124 255 205
    255 43 147 3 192 3 143 23 120 48 255 236 220 225 68 1 248 127 248 20
    64 6 58 31 128 23 127 224 99 191 255 189 255 251 110 6 128 51 159
    144 56 93 255 252 252 225 252 1 191 127 184 0 240 7 255 159 254 6
    127 154 227 127 130 77 117 43 159 59 119 243 159 142 158 127 127 254
    217 227 248</data></desc>
<kpts type_id="opencv-matrix">
  <rows>30</rows>
  <cols>7</cols>
  <dt>f</dt>
  <data>
    2.92649536e+02 2.00949570e+02 7.44424515e+01 -1. 0. 5.31200409e+01
    1.33210220e+01 2.30577301e+02 2.23512054e+02 5.15265427e+01 -1. 0.
    5.36035614e+01 1.43142853e+01 3.94462128e+02 2.82287689e+02
    6.54104614e+01 -1. 0. 6.48027802e+01 1.44666672e+01 2.55631424e+02
    2.87227539e+02 -1.07107628e+02 -1. 0. 5.24571381e+01 1.13142853e+01
    2.31126633e+02 2.23628464e+02 5.53940926e+01 -1. 1. 5.42426453e+01
    1.57058811e+01 2.64587158e+02 2.57553162e+02 3.37416496e+01 -1. 1.
    5.41666641e+01 19. 2.73472107e+02 2.57964813e+02 9.29847031e+01 -1.
    1. 5.34660721e+01 1.56461639e+01 3.91206421e+02 2.92169525e+02
    1.06703751e+02 -1. 1. 5.55568161e+01 1.99090919e+01 2.92317780e+02
    2.04420349e+02 4.55012169e+01 -1. 2. 5.43235168e+01 2.48818855e+01
    2.64684265e+02 2.57891907e+02 4.19010315e+01 -1. 2. 5.65312195e+01
    2.08712234e+01 2.56500000e+02 2.78500000e+02 -4.62089958e+01 -1. 2.
    5.51428642e+01 2.91428566e+01 2.53931870e+02 2.79137756e+02
    -4.20914536e+01 -1. 2. 5.70083427e+01 2.97999992e+01 2.62973694e+02
    2.78973694e+02 -5.65786629e+01 -1. 2. 6.65329208e+01 2.85789471e+01
    3.97187195e+02 2.83211395e+02 1.34538773e+02 -1. 2. 6.24991951e+01
    2.66621990e+01 2.51351852e+02 2.84518585e+02 -4.84744530e+01 -1. 2.
    5.62268677e+01 2.68568974e+01 3.25963867e+02 2.86403992e+02
    -8.39396515e+01 -1. 2. 6.78438721e+01 27. 2.51589905e+02
    2.86500000e+02 -5.09966316e+01 -1. 2. 5.34473267e+01 2.72697105e+01
    2.58500000e+02 2.88602264e+02 -6.26803818e+01 -1. 2. 5.88409424e+01
    2.64545460e+01 2.61810852e+02 2.88598450e+02 -6.59555893e+01 -1. 2.
    7.10819931e+01 2.63627510e+01 3.25941559e+02 2.90500000e+02
    -8.46673813e+01 -1. 2. 6.30005302e+01 2.56753235e+01 3.91364777e+02
    2.94024048e+02 1.35837540e+02 -1. 2. 6.23523140e+01 2.40518246e+01
    3.20082733e+02 2.93941132e+02 -8.75971146e+01 -1. 2. 6.00379219e+01
    2.56641579e+01 2.56224457e+02 2.81574127e+02 -4.10750504e+01 -1. 3.
    6.61363220e+01 3.88076859e+01 2.53801453e+02 2.84609375e+02
    -4.76485100e+01 -1. 3. 5.99788361e+01 3.32390823e+01 3.21869995e+02
    289. -8.09105911e+01 -1. 3. 5.36899719e+01 3.91200027e+01
    3.92404968e+02 1.91368271e+02 1.23030869e+02 -1. 4. 5.25950127e+01
    4.21740799e+01 2.57067261e+02 2.85533234e+02 -4.15281448e+01 -1. 4.
    5.84292793e+01 4.52040176e+01 401. 284. 1.53596146e+02 -1. 4.
    6.41111145e+01 36. 4.02099030e+02 2.85602478e+02 -1.75669754e+02 -1.
    4. 5.67151070e+01 5.29598236e+01 2.45274384e+02 2.90235291e+02
    -2.83175545e+01 -1. 5. 5.62892761e+01 6.89142838e+01</data></kpts>
<obj>"Street Sweeper"</obj>
<obj_index>8</obj_index>
<BB type_id="opencv-matrix">
  <rows>1</rows>
  <cols>8</cols>
  <dt>f</dt>
  <data>
    0. 0. 0. 0. 0. 0. 0. 0.</data></BB>
</opencv_storage>
