<?xml version="1.0"?>
<opencv_storage>
<desc type_id="opencv-matrix">
  <rows>88</rows>
  <cols>32</cols>
  <dt>u</dt>
  <data>
    201 255 255 190 6 128 57 126 113 248 23 127 251 255 255 255 253 197
    254 225 6 193 179 133 255 120 225 0 30 158 236 255 1 248 27 240 240
    248 14 1 156 56 59 255 252 0 112 224 159 232 51 143 59 123 243 191
    220 152 127 127 234 255 106 225 193 128 127 128 248 0 7 0 28 126 4 7
    248 47 236 0 30 183 227 31 20 0 11 141 16 131 35 239 201 0 19 217 1
    248 127 254 31 230 7 112 31 200 4 191 255 227 113 248 141 255 3 159
    70 128 252 68 97 119 223 7 33 17 241 227 1 255 127 255 31 255 71 249
    31 240 5 176 217 235 124 254 13 63 191 159 123 127 252 135 167 254
    127 6 57 209 115 192 4 128 12 14 0 159 119 255 221 195 132 126 216
    251 0 23 192 58 92 31 250 127 237 157 224 246 223 255 221 216 226 64
    5 255 255 248 55 224 57 254 255 254 23 127 255 253 255 191 255 215
    253 249 3 127 243 253 239 123 119 0 28 214 233 31 122 251 220 3 136
    63 7 255 223 231 136 192 254 227 204 63 128 38 15 223 251 27 204 252
    232 133 31 127 59 110 22 80 30 47 128 112 1 248 55 247 248 124 154
    109 235 16 112 102 67 128 53 159 59 127 251 179 255 185 231 255 198
    37 225 197 1 233 127 112 1 194 6 17 223 192 22 108 194 208 0 112 146
    11 4 159 11 58 48 189 243 121 223 2 36 94 237 67 1 160 11 241 253
    252 7 127 159 8 63 143 242 236 125 248 125 235 255 191 59 105 237
    156 235 184 127 6 61 232 33 192 1 128 11 240 80 63 7 112 7 248 58 0
    15 227 64 192 29 252 175 158 251 44 76 6 32 136 93 2 44 224 227 56 0
    48 32 56 0 240 7 159 223 143 129 175 246 239 255 252 13 127 255 95
    123 67 241 220 108 184 127 63 189 221 231 216 2 241 239 248 7 224 0
    16 71 131 214 127 128 2 7 253 187 252 3 227 11 67 243 11 15 121 225
    159 205 190 232 127 1 252 0 48 0 2 7 127 223 224 248 15 246 237 253
    255 141 255 253 223 123 9 176 220 104 154 95 63 188 148 231 236 12 2
    8 0 64 0 23 254 31 198 52 7 191 162 2 3 92 31 131 25 59 0 11 138 88
    130 63 255 195 128 19 250 1 249 63 126 7 232 6 0 31 130 6 119 254 34
    127 255 157 255 163 175 10 195 245 140 39 119 255 31 233 28 225 224
    31 255 216 0 0 26 7 250 15 240 0 127 255 227 116 255 69 127 235 159
    123 3 100 26 4 43 253 28 21 225 103 32 14 0 0 0 0 0 6 128 23 30 0
    255 250 36 16 8 65 224 2 135 24 0 3 137 0 0 40 255 252 253 0 141 1
    248 60 0 1 63 7 255 223 224 4 0 62 235 125 248 141 47 255 158 251 15
    76 94 96 129 31 127 58 65 66 192 1 255 126 255 15 255 71 252 215 240
    5 146 154 235 124 254 77 127 191 159 91 255 236 157 229 246 127 6 61
    217 99 192 1 252 62 30 7 254 7 120 31 240 6 116 22 227 125 255 221
    127 175 159 26 75 252 124 103 119 191 63 253 216 225 192 1 254 127
    224 4 126 255 127 159 240 6 96 44 107 255 255 125 255 251 255 251
    124 75 131 222 136 95 4 58 220 235 144 5 63 60 127 7 255 119 253 248
    252 5 240 254 29 249 194 77 1 60 159 59 123 253 253 237 253 242 12
    63 121 98 232 121 249 208 3 128 63 199 255 191 226 8 225 31 99 100
    127 132 32 43 158 248 63 204 114 236 133 31 255 58 190 22 8 31 207
    128 96 1 248 119 249 241 248 26 111 253 19 64 2 67 192 13 159 59 123
    251 243 223 105 183 63 195 32 229 15 65 252 127 227 253 254 6 111
    223 120 37 248 150 239 249 254 28 121 255 239 255 111 236 220 100
    128 255 0 60 233 123 136 1 128 11 240 80 63 7 112 7 248 58 0 15 195
    64 192 29 252 175 158 251 36 76 6 32 136 93 2 44 224 227 56 2 48 0
    121 132 252 6 140 223 12 7 135 246 239 255 252 13 47 255 223 123 107
    253 220 104 185 127 63 189 221 195 208 62 2 0 0 0 0 6 0 63 223 132
    31 127 194 15 0 72 0 4 143 123 8 223 242 248 130 165 255 227 32 2
    250 255 255 242 20 0 131 255 255 227 249 198 124 0 127 255 255 251
    255 191 240 138 60 50 103 155 120 152 254 222 152 237 254 129 191
    255 224 62 32 120 65 152 124 6 106 192 29 255 136 125 255 255 129 7
    224 11 159 146 128 35 255 204 220 249 248 192 48 33 53 250 0 72 1 16
    0 127 237 32 2 255 248 61 255 191 199 4 224 179 132 30 105 163 199
    235 156 145 240 4 0 0 6 0 0 27 160 28 224 22 127 240 16 0 2 95 254 0
    29 4 128 3 29 16 64 131 255 194 156 129 105 13 254 60 0 0 17 7 248
    255 240 0 15 255 235 252 254 77 127 191 158 251 24 36 243 248 131 92
    127 51 209 99 64 1 255 126 255 15 255 7 252 215 240 5 144 154 235
    124 254 77 127 191 159 90 255 236 157 229 246 127 6 61 217 227 192 1
    252 63 30 7 255 7 248 15 240 6 116 146 227 125 255 221 127 175 159
    10 143 12 124 103 117 157 223 253 216 225 224 62 95 0 15 193 255 134
    251 223 204 40 132 6 227 0 7 134 96 10 191 251 127 252 126 100 167
    191 255 253 129 18 84 14 6 142 62 7 254 119 255 255 255 132 62 248
    107 124 15 98 103 163 191 122 127 109 191 223 254 95 28 58 193 225
    252 1 192 79 240 0 1 247 245 240 240 134 110 42 157 97 194 99 193 49
    158 187 124 19 191 158 72 18 0 54 28 225 239 12 134 8 7 130 31 255
    255 207 224 15 127 54 239 192 31 73 80 207 120 248 191 20 124 97 65
    158 254 122 60 194 14 2 9 158 224 4 96 7 224 0 255 4 71 116 45 42 0
    24 1 227 27 11 65 147 8 31 136 97 159 195 0 225 214 242 224 163 58
    96 193 196 31 231 129 247 115 252 35 7 253 187 254 75 96 132 128 115
    64 30 60 124 0 51 254 156 14 15 14 239 248 7 255 167 252 227 252 214
    62 191 255 251 14 122 83 255 216 251 152 108 127 240 186 208 0 22
    225 234 30 5 14 31 240 253 251 135 255 15 252 59 135 255 108 120 142
    93 97 255 159 59 127 178 120 127 153 127 4 57 33 224 184 1 204 9 231
    255 255 7 96 103 240 59 148 7 232 0 2 87 255 255 159 255 255 252 114
    237 166 151 4 59 213 51 141 193 255 127 196 58 1 248 127 1 248 62
    124 0 107 255 239 191 245 60 144 132 192 1 135 16 104 176 255 220
    220 251 255 31 255 254 128 0 7 215 255 223 255 132 104 0 235 127 135
    205 117 3 158 251 126 48 126 223 120 223 255 190 152 237 254 133 191
    127 240 56 0 59 79 24 62 6 126 136 127 255 174 125 127 255 225 6 224
    75 143 128 136 99 237 204 220 251 240 5 63 255 224 31 32 247 252 224
    252 6 106 136 223 253 204 93 127 255 217 3 244 3 135 151 136 32 255
    220 220 225 240 13 255 255 48 0 0 251 251 177 240 6 122 137 211 127
    231 253 127 255 176 10 240 3 135 154 152 114 255 204 220 225 192 133
    255 255 240 18 0 33 254 71 240 22 69 254 235 244 255 255 255 175 240
    6 128 50 13 2 121 208 0 25 92 233 65 5 255 62 123 7 248 7 250 31 252
    5 128 120 35 124 231 77 127 163 159 27 96 111 159 159 158 127 63 224
    88 97 240 126 31 128 0 225 191 215 255 207 255 196 64 22 235 63 135
    99 253 1 190 251 31 176 124 39 33 190 32 61 20 23 255 249 255 255
    224 253 224 248 124 96 248 120 136 0 31 255 255 255 192 60 129 3 102
    19 3 23 8 96 128 204 39 109 95 2 0 15 224 213 224 120 3 24 15 49 223
    0 36 30 168 29 255 210 99 11 98 51 131 31 26 99 191 200 28 96 240 2
    11 222 224 0 96 7 224 14 127 4 95 116 34 50 0 0 1 235 27 11 67 179
    72 31 10 96 191 195 18 225 134 12 6 24 97 212 254 27 207 30 30 15
    198 28 102 188 136 77 119 251 103 123 6 98 30 7 136 111 0 27 232 2
    152 193 208 59 63 222 15 6 56 111 192 23 127 255 195 71 252 189 244
    45 159 68 190 4 126 81 121 151 0 58 220 147 60 63 127 131 192 253
    255 251 255 255 248 254 65 158 255 253 255 254 255 253 240 251 31
    244 125 225 133 222 24 31 214 45 128 0 0 34 111 223 255 199 172 227
    240 55 184 0 127 255 252 125 255 251 223 253 255 204 114 255 230 159
    4 60 81 3 4 31 255 255 240 1 7 199 255 207 255 4 104 2 227 127 7 77
    21 43 158 43 126 2 31 23 120 31 255 246 208 237 254 193 176 127 159
    63 159 4 0 47 195 214 126 7 227 255 248 63 255 255 223 68 159 148
    114 225 102 133 3 59 156 251 22 62 118 0 31 1 255 255 255 239 224
    133 144 0 47 255 255 253 255 163 255 251 127 252 122 239 182 255 24
    60 213 3 64 1 255 63 126 7 255 231 253 241 248 6 127 208 27 255 254
    93 127 254 158 250 255 180 253 231 118 95 14 61 28 227 240 225 255
    123 31 10 15 7 127 191 248 22 117 15 235 253 239 189 255 255 156 244
    191 156 242 232 101 159 0 57 144 159 224 5 255 255 228 31 232 0 126
