<?xml version="1.0"?>
<opencv_storage>
<desc type_id="opencv-matrix">
  <rows>226</rows>
  <cols>32</cols>
  <dt>u</dt>
  <data>
    6 95 207 240 5 252 6 255 223 143 202 123 254 233 15 131 160 4 68 127
    123 25 253 253 248 153 127 63 188 111 226 119 6 3 142 60 0 68 7 193
    223 255 134 127 254 96 74 8 65 208 0 159 122 240 109 191 144 250 95
    127 189 222 227 63 1 132 127 240 1 254 71 255 223 240 30 111 254 45
    129 67 120 8 90 31 123 121 237 249 248 248 95 15 58 71 226 135 0 128
    63 124 3 224 31 7 30 34 6 127 208 36 67 16 126 16 2 191 11 67 243
    136 7 125 239 15 233 222 225 43 110 4 0 192 248 60 87 255 223 248
    120 128 255 237 240 71 94 43 179 156 255 32 79 159 144 129 94 255
    124 193 59 192 30 15 199 64 1 254 7 255 255 221 198 104 191 235 24 7
    114 192 10 31 251 127 237 191 232 184 95 63 62 192 226 223 0 192 0
    24 64 248 7 251 31 192 59 126 128 99 0 119 134 174 10 159 123 64 239
    220 92 184 127 127 184 254 131 97 14 127 223 240 1 248 23 253 221
    255 30 107 234 255 224 6 82 16 60 159 59 115 235 191 159 184 127 63
    254 239 224 234 0 0 15 224 23 120 7 128 31 7 134 64 0 98 191 240 127
    128 11 95 11 194 11 29 23 136 127 255 254 86 224 229 1 128 127 224
    23 32 7 42 31 35 134 64 0 98 231 254 114 0 11 191 11 128 3 159 19 8
    63 255 254 90 224 15 1 192 255 224 23 112 6 2 31 33 134 64 0 98 135
    240 178 128 75 111 11 128 13 159 17 136 127 255 254 86 224 47 62 119
    128 64 192 60 95 191 223 135 105 171 254 66 95 255 205 119 239 239
    251 125 255 191 248 137 95 56 62 33 7 120 197 255 254 31 158 20 95
    255 223 126 5 176 250 103 254 143 205 37 186 160 228 128 13 191 144
    134 94 192 62 81 83 184 193 196 0 7 206 7 231 255 227 224 32 0 0 43
    192 127 69 34 235 144 228 191 144 96 32 101 152 255 250 0 18 0 1 249
    62 120 5 255 7 123 31 194 5 191 192 99 7 183 157 16 11 158 251 3 252
    127 225 190 95 6 61 209 226 30 1 232 60 24 1 254 7 251 31 224 4 255
    128 99 3 226 141 80 131 31 123 127 239 255 220 186 223 31 60 217 195
    142 1 145 127 240 23 224 7 1 30 15 6 122 11 228 143 128 61 215 252
    95 3 192 3 191 155 24 111 143 236 220 224 190 193 252 127 240 121
    224 4 120 31 224 55 251 128 107 113 247 189 240 45 159 7 96 11 157 3
    120 127 3 60 221 188 141 4 6 62 14 7 255 215 245 220 254 4 64 6 221
    47 0 77 213 28 31 27 127 252 124 239 117 191 12 61 92 226 255 3 63
    255 240 0 96 8 5 220 31 22 127 250 253 255 168 61 255 252 71 11 64
    179 191 222 152 96 0 54 30 232 255 19 255 255 240 52 96 24 2 28 15 6
    98 104 4 31 141 189 135 194 99 3 64 3 159 147 136 103 0 206 94 237
    95 3 63 255 240 0 64 24 5 220 63 22 127 226 253 255 232 61 255 245
    71 11 64 179 255 222 24 98 0 54 158 232 255 0 128 47 240 92 248 7 16
    31 192 55 106 122 227 3 208 125 254 3 159 59 112 235 191 156 152 127
    7 54 92 226 14 243 249 255 180 18 0 56 0 16 1 214 106 0 4 63 240 178
    175 250 32 4 128 3 139 18 88 0 195 206 190 249 225 14 23 46 0 0 30 7
    237 255 126 4 111 255 221 255 130 92 61 124 31 251 56 76 187 224 136
    95 28 63 208 226 248 254 63 129 135 249 63 123 223 222 13 251 128 10
    252 188 237 247 239 148 96 253 50 12 159 160 128 30 0 28 231 31 192
    4 128 1 240 5 96 23 255 223 240 250 67 128 109 128 2 66 0 126 31 11
    96 11 157 18 152 127 255 220 214 224 0 1 224 63 192 0 126 7 255 223
    128 6 2 254 237 128 127 140 0 92 127 251 56 76 255 248 150 95 127
    191 194 226 0 14 7 222 132 0 0 231 252 227 255 132 64 111 63 254 15
    66 2 35 223 58 124 19 243 222 97 176 28 55 2 227 27 6 124 8 123 141
    253 7 255 159 120 31 128 130 228 253 254 76 124 125 158 251 3 236 92
    32 132 126 0 60 231 194 168 243 249 255 176 120 31 6 59 31 195 249
    137 192 98 7 119 162 15 237 158 252 132 76 4 32 137 31 0 60 193 191
    7 129 128 11 190 79 128 7 0 3 248 55 156 2 195 32 192 95 244 12 158
    4 128 36 14 1 126 128 0 45 193 176 248 253 182 244 132 33 31 231 249
    227 255 192 0 113 147 127 254 64 64 47 156 254 63 156 112 248 199
    159 254 51 0 30 172 30 23 140 96 1 248 23 225 156 127 136 71 255 0
    62 32 64 61 1 159 59 127 251 251 255 169 255 63 231 32 227 240 1 200
    31 255 159 238 6 0 31 240 31 232 0 34 0 192 28 32 3 159 4 255 12 8 7
    121 159 7 32 174 225 160 6 0 13 224 0 16 6 129 159 137 232 107 250
    32 31 193 72 0 0 175 59 113 243 157 232 137 127 31 164 62 235 215 6
    0 207 224 0 48 7 129 159 255 198 111 242 224 126 120 98 48 28 159 59
    96 207 157 136 137 191 31 189 194 226 235 63 127 246 128 0 1 231 255
    227 255 224 90 3 251 255 63 227 139 124 216 251 116 3 183 156 138 92
    255 252 86 238 199 1 255 255 240 0 54 71 255 255 254 6 111 121 35
    127 175 252 85 3 191 123 125 251 241 222 136 95 14 50 24 227 254 31
    15 194 192 1 254 7 193 159 253 240 79 254 235 120 14 114 128 60 143
    123 127 255 156 110 233 191 63 189 86 239 195 13 222 124 14 1 255
    215 255 223 240 4 181 210 233 45 135 77 32 0 188 250 15 244 124 97
    119 222 255 117 17 67 248 14 31 188 24 0 64 79 193 56 62 4 254 45 20
    127 128 77 113 243 143 26 112 179 163 158 58 99 63 226 57 225 250 5
    23 255 248 7 248 7 236 238 127 6 127 126 253 254 128 93 127 252 95
    27 67 179 125 159 122 96 31 250 20 224 248 5 31 62 58 5 252 127 255
    220 252 5 187 171 24 61 131 77 125 0 63 59 127 235 187 222 190 127
    12 38 249 227 248 1 255 62 63 5 248 7 244 223 240 5 191 218 249 63
    226 93 61 0 159 27 83 237 191 224 188 127 15 181 217 227 240 1 136
    31 248 222 224 7 96 63 248 63 238 255 227 8 192 29 32 11 159 3 144
    251 115 218 184 125 7 50 255 225 248 193 131 127 128 48 0 1 64 30
    126 36 3 255 162 248 0 86 116 131 159 118 0 15 141 0 129 33 239 199
    0 59 184 227 89 56 128 80 0 23 235 30 60 96 2 176 34 239 128 28 0 3
    152 244 0 11 137 0 128 24 255 235 192 27 242 128 131 31 192 120 0 21
    224 28 119 32 0 0 39 228 16 22 127 131 153 68 128 15 141 0 128 1 255
    201 0 123 112 226 64 8 0 208 0 23 251 31 112 52 0 8 34 0 0 28 27 3
    24 244 0 11 139 16 129 28 255 206 192 19 202 5 255 127 248 23 255
    199 255 167 252 6 107 255 227 248 255 92 3 255 152 251 31 100 99 241
    152 92 4 54 88 225 128 1 255 126 191 15 252 7 112 31 248 5 190 203
    226 60 231 141 47 4 159 27 97 253 159 225 254 255 7 181 217 225 240
    97 200 206 128 0 0 1 96 30 113 224 63 252 34 225 192 0 0 3 155 54 0
    11 137 16 130 33 255 201 129 27 112 30 39 196 128 0 54 95 255 223 39
    224 3 184 39 240 63 66 0 107 254 251 124 13 189 208 136 95 255 190
    131 238 3 24 163 24 16 0 0 71 0 19 230 0 255 240 41 48 32 69 0 3 130
    8 64 3 141 16 88 112 255 248 63 69 129 1 134 30 62 7 252 7 115 31
    248 6 127 210 226 120 231 77 13 1 175 27 99 253 157 225 118 255 31
    173 208 227 224 30 15 8 65 208 0 1 194 30 62 36 7 255 226 112 12 92
    0 1 177 9 128 13 136 0 131 33 255 193 0 1 106 25 38 80 65 132 32 0 0
    31 143 6 0 127 226 28 105 194 0 12 175 9 128 12 139 16 129 53 255
    226 64 68 236 126 4 0 128 64 0 19 250 31 48 96 15 252 34 32 194 92 1
    3 49 186 0 11 141 0 131 44 255 203 192 59 192 1 236 31 236 3 207 7
    255 159 224 4 116 244 107 112 247 197 43 131 159 59 111 244 92 111
    125 191 15 59 88 225 192 1 132 24 64 1 152 7 65 31 252 32 103 252 98
    56 128 68 37 107 159 59 107 255 156 238 121 191 63 169 2 226 240 182
    8 0 192 240 0 0 130 30 60 96 15 255 226 240 8 28 0 1 161 196 128 15
    138 16 129 32 255 197 97 59 98 129 200 78 128 16 0 17 224 28 120 224
    127 254 39 224 128 0 4 3 145 4 128 11 139 16 128 32 255 204 161 121
    112 1 232 8 16 1 255 135 248 239 192 4 109 28 235 0 255 141 235 143
    223 59 95 240 124 111 121 191 63 185 30 227 5 5 230 15 240 1 159 135
    255 175 192 6 109 29 227 193 255 255 250 255 95 123 127 240 114 239
    121 191 30 57 20 226 13 14 23 254 30 1 216 7 254 255 255 134 95 223
    253 255 14 104 23 253 155 26 83 251 191 166 127 253 12 29 208 227
    158 13 254 127 192 0 134 23 255 223 240 100 111 246 239 253 231 127
    255 63 159 123 125 243 220 232 121 159 30 61 30 233 225 15 255 252
    96 0 251 199 255 231 255 0 105 103 227 254 175 69 63 254 95 251 127
