<?xml version="1.0"?>
<opencv_storage>
<desc type_id="opencv-matrix">
  <rows>117</rows>
  <cols>32</cols>
  <dt>u</dt>
  <data>
    1 7 255 248 3 254 71 193 158 63 142 108 0 6 250 8 67 128 1 223 59
    127 243 157 175 121 255 63 237 222 226 191 2 89 191 240 1 240 7 255
    223 231 4 71 255 227 14 0 157 55 3 31 59 17 252 191 161 185 223 63
    189 248 224 251 1 253 63 255 31 232 4 114 31 24 7 116 146 226 3 192
    157 95 3 159 3 67 108 140 35 116 255 143 253 222 224 206 1 253 254
    14 3 255 7 255 223 224 132 112 31 235 101 247 191 255 0 159 251 99
    236 159 165 229 191 127 61 208 227 229 29 206 226 224 97 254 23 255
    223 241 224 71 254 255 227 134 114 128 12 31 123 115 253 191 225 138
    95 63 189 210 110 255 1 231 126 14 7 60 7 114 31 226 4 112 30 34 64
    119 219 128 3 191 26 193 205 155 232 199 191 255 244 209 227 39 1
    128 63 251 159 254 7 123 159 30 15 255 240 99 252 120 13 47 251 223
    123 125 255 220 104 188 95 6 60 125 226 32 103 255 255 0 176 48 127
    255 222 126 7 202 42 164 254 167 93 255 225 191 123 112 11 191 216
    136 127 0 22 220 19 216 31 255 255 240 0 112 103 254 243 254 6 122
    40 251 255 255 189 10 125 211 27 64 3 143 158 152 120 0 30 158 238
    71 4 2 8 56 0 240 7 137 31 62 7 255 240 99 254 60 77 30 235 223 123
    119 243 157 38 191 127 63 188 249 195 2 30 63 172 4 1 31 247 255 223
    255 0 23 202 255 255 7 72 21 235 28 250 62 12 191 160 198 159 255
    253 64 98 250 1 159 127 240 0 48 0 0 31 28 22 71 239 227 219 12 127
    128 12 111 59 124 19 191 222 137 111 1 61 156 224 55 225 255 123 139
    120 31 199 252 231 248 116 50 255 221 48 194 126 15 124 156 252 24
    76 127 248 134 88 96 54 195 30 225 254 219 255 128 0 0 0 48 79 195
    134 104 34 219 2 19 162 0 12 0 196 128 3 31 16 0 16 251 246 30 222
    123 28 4 0 0 0 0 199 255 231 152 228 106 47 239 253 239 118 128 195
    127 59 112 3 179 158 8 124 16 54 30 164 133 7 127 252 3 0 126 71 255
    159 223 4 214 254 107 255 253 140 43 251 223 251 124 111 189 216 134
    95 127 187 216 66 0 1 190 60 14 0 3 7 250 31 252 4 121 20 227 127
    238 77 127 143 156 194 128 16 28 1 85 93 0 56 56 225 220 30 127 220
    128 0 31 7 255 159 207 200 63 131 227 216 31 192 0 75 110 251 2 76
    31 32 201 159 24 52 227 234 0 254 31 255 192 176 0 251 255 224 63
    142 79 235 223 254 7 66 1 252 112 228 160 3 135 144 130 0 252 69 130
    90 147 0 128 1 112 65 254 7 8 31 224 126 107 254 99 192 95 115 240
    10 79 123 127 252 220 253 153 95 31 186 30 226 13 31 63 252 4 1 254
    23 253 221 255 4 1 210 91 127 130 77 240 60 159 123 127 252 220 229
    229 183 63 189 64 99 188 15 255 254 96 132 62 7 254 31 248 6 67 255
    235 255 255 93 255 255 158 251 128 12 8 0 137 93 0 58 88 99 192 7 63
    62 127 135 252 255 255 248 252 7 247 200 29 120 6 77 65 177 159 11
    255 239 183 223 188 127 12 53 249 225 236 62 2 128 0 0 0 7 240 23
    247 128 127 252 35 48 98 64 0 3 156 248 0 3 141 0 133 24 255 106 120
    71 172 240 144 0 0 0 0 5 224 28 112 96 31 254 34 236 144 4 0 1 153
    248 0 11 139 16 130 1 255 202 193 31 112 120 16 0 0 0 0 1 224 31 120
    192 127 255 226 109 192 4 0 0 159 58 0 15 138 0 131 165 255 202 193
    7 112 14 6 12 0 0 4 247 249 240 255 132 127 168 27 248 14 65 0 37
    158 250 124 139 251 220 86 19 255 34 145 67 236 224 0 0 7 192 12 7 0
    29 128 228 248 0 0 15 224 61 127 227 27 252 0 13 141 0 196 161 255
    198 184 23 250 104 128 196 0 0 0 17 248 28 225 128 255 254 35 0 192
    64 0 3 19 56 0 3 137 16 128 33 255 194 251 85 193 96 32 12 128 0 0 7
    194 31 60 32 63 255 226 120 104 12 0 0 159 126 0 143 128 88 130 45
    255 231 129 19 226 63 255 223 192 0 31 87 255 159 255 134 0 122 227
    112 7 66 0 171 188 251 60 12 157 144 138 95 255 246 66 235 129 30 95
    204 192 0 63 231 251 227 255 128 127 97 19 32 7 67 192 43 158 251
    127 147 99 223 130 190 28 34 1 99 255 121 192 64 0 0 0 7 97 28 112
    192 127 254 34 224 130 0 0 3 147 26 0 99 137 0 166 224 255 229 250
    15 80 14 6 8 128 64 0 1 226 31 126 32 15 255 226 127 238 92 0 0 179
    26 128 15 138 0 131 165 255 195 129 35 226 28 6 196 192 1 255 199
    248 103 255 224 1 5 235 40 0 99 129 255 159 123 127 178 96 111 105
    157 127 184 1 238 191 3 72 32 2 0 16 7 224 79 248 128 1 255 232 35
    128 12 1 253 158 250 0 12 31 0 129 1 255 255 64 194 159 1 132 63 240
    3 143 135 115 159 248 54 101 156 226 12 128 94 97 62 159 59 31 240
    116 111 121 191 4 43 128 225 248 14 2 0 1 128 0 2 0 31 199 132 15
    255 226 12 129 68 0 28 143 120 0 12 194 208 131 17 255 235 33 18 248
    1 7 255 236 7 255 7 255 159 255 4 116 146 235 190 0 122 133 254 31
    123 111 252 220 103 118 223 14 61 208 224 191 6 15 8 14 3 255 7 192
    31 254 6 84 22 232 40 0 13 55 252 31 59 15 244 124 111 118 167 63
    185 22 224 248 6 23 254 30 7 254 7 255 223 223 134 84 146 239 255 63
    122 151 227 127 59 115 236 157 225 118 255 63 189 208 226 31 77 244
    32 1 192 48 103 251 243 240 55 210 0 83 255 246 125 255 189 159 249
    120 75 183 216 134 127 0 63 220 23 236 1 253 254 14 7 255 7 255 223
    192 132 112 159 235 81 255 129 254 1 159 251 103 236 159 37 245 191
    127 61 208 227 14 241 253 255 131 252 30 0 62 31 128 23 96 127 226
    63 255 189 224 3 239 244 128 12 92 32 133 31 255 254 28 159 189 31
    255 255 240 0 112 53 254 87 252 22 106 126 239 255 255 190 8 126 251
    27 96 3 159 152 152 127 0 30 30 236 33 62 127 196 0 0 7 159 255 223
    255 192 0 18 99 127 7 98 87 35 188 251 8 12 124 96 97 158 255 255 0
    239 222 1 232 31 248 113 254 7 120 127 224 127 127 255 227 96 255
    191 239 11 159 123 127 252 243 232 184 95 7 54 69 235 65 190 127 198
    227 62 49 232 252 99 199 196 1 7 255 254 255 179 255 13 224 134 193
    155 66 92 129 32 0 17 20 111 97 227 253 255 135 250 1 132 32 99 240
    22 127 15 155 119 254 191 251 255 128 132 130 20 99 32 70 160 255
    244 22 19 133 1 224 11 8 0 192 7 120 7 224 30 96 71 227 96 254 95
    250 251 159 27 71 243 68 15 125 241 255 249 62 192 0 0 0 12 7 0 7
    199 250 231 194 4 48 1 99 0 0 9 0 3 28 248 30 16 98 7 7 156 255 124
    145 67 102 1 128 31 251 223 248 231 249 161 248 63 67 192 67 12 128
    93 97 255 159 11 127 107 131 31 158 126 6 45 198 224 152 14 6 4 0
    128 0 2 128 31 240 128 31 255 194 0 3 64 0 60 143 248 0 141 243 248
    130 1 255 239 129 18 210 255 255 241 128 96 91 231 255 227 224 248 7
    33 99 255 255 188 127 255 254 251 127 179 98 222 154 124 32 59 128
    158 176 1 248 127 240 17 255 6 31 223 128 22 109 87 107 157 253 189
    127 195 95 123 107 244 216 237 121 191 7 60 62 234 48 6 6 207 224 23
    126 7 193 31 223 254 67 255 224 15 0 114 133 1 159 75 130 12 185 225
    73 31 255 231 126 233 255 129 255 255 255 62 30 6 96 95 254 23 96
    255 226 46 2 190 128 1 143 228 128 12 125 32 129 31 255 246 126 251
    255 1 255 255 240 255 175 30 127 159 8 31 127 222 236 25 255 254 0
    84 111 7 179 12 191 227 107 159 255 252 163 248 3 62 127 196 0 0 7
    223 255 223 255 192 0 18 239 255 15 64 87 3 176 251 8 12 124 96 97
    158 255 255 0 239 94 1 151 127 62 7 194 207 1 144 62 7 239 136 87
    255 156 77 95 237 207 4 231 243 143 7 120 231 0 41 189 225 126 5 30
    63 123 159 255 247 255 237 252 15 192 63 253 237 130 77 35 252 156
    249 191 252 117 237 128 94 14 59 110 67 216 1 252 30 56 128 251 247
    253 225 240 7 255 136 25 96 198 77 241 53 159 27 127 179 179 159 62
    250 14 56 157 195 204 7 255 220 14 3 159 71 251 255 248 4 112 255
    227 240 255 197 40 255 159 248 127 237 242 248 245 159 255 187 252
    194 0 225 253 255 132 56 3 134 104 225 240 22 127 31 155 241 254 63
    251 255 152 196 128 16 115 160 71 0 239 244 28 153 133 18 241 255
    250 12 112 124 31 156 3 223 0 240 109 135 189 187 210 252 111 27 96
    11 157 152 137 127 255 252 65 238 31 255 255 178 31 252 124 8 126
    255 224 55 254 255 255 255 255 189 254 254 228 244 144 77 191 208
    148 93 255 222 254 22 8 0 0 12 6 0 3 199 250 231 194 4 57 73 98 0 0
    1 63 12 156 248 6 0 35 7 69 156 255 248 17 65 98 1 249 127 240 127
    254 4 64 79 252 117 136 87 227 253 248 62 231 255 223 27 15 252 124
