<?xml version="1.0"?>
<opencv_storage>
<desc type_id="opencv-matrix">
  <rows>150</rows>
  <cols>32</cols>
  <dt>u</dt>
  <data>
    251 127 255 250 63 248 24 94 255 30 23 129 255 172 127 253 188 1 187
    225 3 25 254 112 234 189 124 0 18 18 253 151 19 223 252 16 0 12 70
    65 24 255 136 75 248 0 47 128 12 20 60 159 122 120 143 131 220 121
    39 255 226 32 230 250 225 253 127 135 254 16 128 32 3 224 53 192 71
    195 101 247 157 192 47 128 196 128 14 12 16 133 16 255 228 92 30 157
    28 23 24 1 192 112 7 192 28 126 33 154 63 239 252 172 77 116 62 158
    251 28 242 115 40 138 71 255 238 157 6 252 31 255 35 63 79 255 255
    255 128 0 63 123 224 111 255 255 253 248 43 249 56 127 51 68 95 25
    126 0 26 60 134 40 147 255 255 248 63 252 8 124 227 255 255 43 224
    127 255 255 190 60 63 231 7 223 142 117 223 153 97 0 26 161 236 106
    5 4 43 127 199 255 247 255 232 120 63 171 175 220 131 2 124 23 252
    24 251 127 0 127 223 25 94 4 22 161 131 222 253 255 59 31 235 95 248
    119 160 252 55 144 0 156 127 255 221 193 181 160 244 246 15 135 23
    86 18 0 6 213 151 149 50 121 255 249 191 248 0 12 232 255 223 255
    192 255 255 252 60 3 252 207 11 25 250 126 255 186 97 0 56 239 233
    26 225 248 123 135 254 16 128 32 3 224 63 128 1 226 101 242 157 241
    165 128 196 128 14 4 16 132 32 247 228 84 31 204 243 253 59 128 240
    0 8 0 22 0 118 96 0 98 255 255 191 248 3 231 20 0 3 135 16 1 161 255
    207 20 153 46 63 255 247 240 39 255 254 255 249 241 244 138 255 223
    255 255 191 128 28 172 251 127 15 255 223 218 94 0 54 209 238 31 6 2
    142 112 4 96 7 240 7 255 133 129 69 34 62 0 65 128 43 155 11 67 179
    2 7 9 97 159 192 24 96 191 126 63 0 9 248 126 7 241 159 252 33 130
    146 98 124 230 69 255 227 159 251 39 108 28 32 150 95 127 189 221 19
    241 253 255 59 31 235 95 248 117 224 252 23 16 1 156 127 255 221 193
    177 164 252 254 11 133 23 86 19 0 38 213 151 149 3 200 0 224 1 250
    30 27 31 0 104 45 0 35 128 95 130 0 3 111 59 111 51 140 7 105 191
    255 236 161 224 0 249 255 255 255 191 255 248 127 166 48 5 184 1 224
    127 255 157 255 181 167 223 255 96 99 215 118 127 0 36 249 111 224 0
    0 4 30 3 239 135 248 239 195 132 124 3 227 0 0 98 0 26 95 26 95 4
    115 151 126 188 255 252 222 224 15 30 23 24 64 224 22 7 232 24 254
    41 152 255 239 252 174 77 100 28 159 123 60 112 66 16 138 71 255 238
    213 6 248 30 39 196 56 1 255 27 254 255 55 133 224 255 223 243 127
    99 255 255 239 123 123 244 241 249 61 95 0 22 92 99 7 30 22 0 64 192
    112 135 225 30 124 33 154 63 231 252 232 77 101 62 158 251 28 242
    114 40 138 79 255 238 23 4 248 129 255 255 224 63 248 248 127 15 240
    96 130 0 99 1 135 140 0 10 35 7 231 243 12 15 158 126 0 25 32 106
    114 2 240 0 192 0 116 71 255 255 0 104 130 120 39 244 255 132 10 227
    126 251 56 239 249 248 154 94 255 250 99 98 0 191 255 32 31 128 128
    0 232 99 248 31 126 63 255 255 254 93 192 125 128 132 129 244 126
    104 124 224 255 218 158 132 156 237 255 254 4 0 15 247 255 193 254 4
    64 63 255 255 230 124 3 0 152 252 63 4 12 32 69 146 254 19 24 95 209
    1 255 63 240 252 112 71 127 159 248 63 130 46 235 253 255 157 127
    255 223 59 112 3 159 150 152 127 0 62 161 97 192 3 248 0 128 0 116
    71 255 255 0 232 130 120 35 244 255 132 2 227 126 251 56 207 249 248
    150 94 255 250 65 106 0 97 252 0 3 248 126 7 121 159 248 1 210 222
    227 252 255 77 224 10 159 123 48 77 159 224 134 95 127 188 222 19
    152 193 244 59 193 252 0 8 10 14 32 54 64 0 98 247 247 254 248 3 97
    5 128 2 14 19 1 160 255 207 18 24 174 62 95 152 16 0 64 127 255 144
    143 8 139 104 98 14 3 132 0 2 48 187 96 19 143 24 154 126 255 238 35
    68 216 12 150 32 176 0 7 151 255 223 243 232 67 142 191 239 231 76
    95 1 92 234 28 16 127 1 120 94 254 55 160 237 254 62 51 230 116 131
    143 251 159 254 15 135 158 0 150 159 253 233 255 128 120 248 255 48
    119 231 122 159 0 5 156 71 250 63 255 247 240 39 255 254 255 247 227
    198 15 127 219 255 255 191 192 12 127 123 127 4 243 255 8 159 0 54 1
    236 191 1 255 255 244 23 255 228 96 225 252 4 93 0 221 248 102 18 1
    165 143 11 127 2 7 7 107 161 0 53 154 233 135 225 255 254 225 191
    255 231 126 227 240 1 184 1 59 1 7 137 0 26 56 247 255 11 131 151
    134 92 0 52 249 126 22 126 60 0 3 200 126 7 241 159 248 37 130 144
    226 124 238 86 127 227 159 251 2 108 124 32 134 95 255 189 217 19
    224 0 48 15 63 143 248 8 0 0 13 135 192 0 34 255 252 119 224 3 231 3
    66 3 6 23 89 32 191 238 30 209 137 129 249 255 238 15 4 4 26 31 0 6
    112 0 99 128 127 146 0 3 111 4 128 12 143 1 118 29 255 253 250 232 1
    1 128 15 190 27 30 199 1 252 120 59 239 255 144 0 0 25 255 253 31
    246 124 75 115 222 217 31 7 35 126 178 227 62 63 220 128 0 3 223 255
    239 159 40 108 32 61 188 47 70 0 0 124 250 60 3 127 26 73 158 255
    254 35 233 240 30 39 198 124 7 255 99 238 243 63 133 192 127 223 251
    127 99 255 255 238 251 127 253 243 233 248 95 0 55 94 227 70 249 255
    255 225 255 255 249 127 227 224 225 138 3 211 255 255 205 0 62 240
    231 255 11 35 159 138 94 0 30 225 124 60 127 63 176 64 240 55 31 255
    223 28 123 131 127 253 255 143 76 45 252 126 251 62 48 94 32 137 95
    0 63 40 30 241 1 255 63 248 210 64 7 126 255 240 31 154 0 235 253
    255 157 127 255 223 3 144 11 191 216 90 125 0 62 60 225 192 30 63
    152 144 0 1 255 255 227 159 40 104 32 61 188 47 70 0 0 108 234 60 19
    31 26 89 94 255 254 35 225 240 30 3 196 20 1 30 9 128 28 31 128 172
    11 28 10 0 64 0 64 79 122 122 4 187 209 104 167 255 198 233 226 22
    197 255 255 225 255 62 24 105 28 124 7 239 63 87 255 255 221 255 173
    167 117 153 140 120 248 128 7 0 14 152 91 239 129 253 59 227 255 63
    0 126 103 224 63 238 5 235 253 255 191 240 12 239 69 255 4 230 245 0
    29 0 58 191 46 105 30 2 0 0 128 62 7 128 31 31 0 0 18 0 14 0 65 79
    243 31 123 63 140 157 224 130 143 255 175 16 67 244 62 127 196 112 0
    121 199 255 255 193 200 138 120 47 252 255 192 10 235 122 187 24 204
    249 248 154 124 255 122 97 102 0 238 50 1 1 240 0 40 0 210 15 31 111
    128 18 126 253 77 127 229 227 53 64 11 159 144 136 96 255 196 232 19
    184 14 63 220 240 176 126 7 241 159 255 201 171 130 227 124 134 68
    47 163 159 123 127 245 159 164 136 95 127 188 225 107 241 30 2 0 0 1
    248 7 128 28 159 8 128 90 32 28 0 65 103 163 159 59 67 237 139 224
    129 103 127 197 64 67 212 111 63 59 0 192 49 255 255 183 158 23 63
    113 35 252 143 94 1 235 126 251 127 243 225 254 138 126 32 39 1 146
    156 50 113 255 249 189 248 0 0 124 199 223 127 129 255 255 252 188 3
    253 207 27 27 244 119 255 184 97 0 60 255 233 24 193 248 59 231 255
    39 134 0 239 136 55 0 7 232 1 193 189 192 0 14 196 136 4 126 113 68
    156 255 249 212 188 159 193 153 127 15 190 56 24 0 28 60 23 86 2 16
    8 0 28 0 0 15 20 193 205 153 232 134 39 255 199 214 210 248 28 134
    33 16 0 7 183 255 207 243 250 111 3 255 231 151 72 95 1 24 234 190
    20 126 97 120 31 254 20 170 239 126 0 192 0 240 1 206 7 248 49 241
    248 108 24 235 64 18 2 250 237 159 59 123 253 135 225 120 147 63 186
    163 237 0 225 255 255 202 60 1 148 127 159 247 196 128 6 43 255 255
    184 31 171 240 198 128 98 26 0 135 92 0 61 193 125 74 31 255 223 240
    0 155 255 255 159 3 8 45 0 35 208 127 194 2 235 127 187 127 179 140
    15 57 254 8 40 161 234 0 6 0 12 31 143 255 134 1 239 15 7 226 131
    100 2 0 1 128 0 111 248 127 12 123 23 132 95 255 253 222 194 7 4 6
    14 112 0 224 135 192 7 223 133 129 65 226 62 0 65 132 161 147 3 67
    179 2 7 25 96 191 236 25 225 191 5 255 255 180 0 7 23 253 253 252 6
    64 124 59 253 255 93 127 235 156 236 188 20 123 224 105 159 0 58 16
    227 240 127 31 254 128 0 0 187 254 231 255 192 104 43 251 174 135 68
    15 255 32 242 20 2 119 26 9 144 255 214 34 248 241 254 47 220 156 0
    0 8 26 15 15 0 189 128 34 208 63 193 248 3 96 2 0 48 12 3 121 141
    255 201 149 108 11 2 0 0 242 4 16 4 0 31 1 232 75 252 34 0 64 130 32
    2 111 74 128 15 187 152 128 111 223 234 226 227 224 193 248 59 224
